18 17 17 17 15 15 15 15 14 14 13 13 13 13 12 12 11 11 11 11 10 9 9 9 9 9 9 9 9 9 8 8 8 8 8 8 8 8 8 8 7 7 7 7 7 7 7 7 7 7 6 6 6 6 6 6 6 6 6 6 6 6 6 6 
18 17 17 17 15 15 15 15 14 14 13 13 13 13 12 12 11 11 11 11 10 9 9 9 9 9 9 9 9 9 8 8 8 8 8 8 8 8 8 8 7 7 7 7 7 7 7 7 7 7 6 6 6 6 6 6 6 6 6 6 6 6 6 6 
17 16 16 16 15 15 15 15 14 14 13 12 13 13 12 12 11 11 10 10 10 10 9 9 9 9 9 9 9 9 9 9 8 8 8 8 8 8 8 8 8 8 7 7 7 7 7 7 7 7 6 6 6 6 6 6 6 6 6 6 6 6 6 6 
17 16 16 16 15 15 15 15 14 14 13 12 13 13 12 12 11 11 10 10 10 10 9 9 9 9 9 9 9 9 9 9 8 8 8 8 8 8 8 8 8 8 7 7 7 7 7 7 7 7 6 6 6 6 6 6 6 6 6 6 6 6 6 6 
18 17 16 16 16 16 15 15 14 14 13 12 12 12 12 12 11 11 10 10 10 10 10 10 9 9 9 9 9 9 9 9 8 8 8 8 8 8 8 8 8 8 7 7 7 7 7 7 7 7 6 6 6 6 6 6 6 6 6 6 6 6 5 6 
18 17 16 16 16 16 15 15 14 14 13 12 12 12 12 12 11 11 10 10 10 10 10 10 9 9 9 9 9 9 9 9 8 8 8 8 8 8 8 8 8 8 7 7 7 7 7 7 7 7 6 6 6 6 6 6 6 6 6 6 6 6 5 6 
18 17 16 15 15 15 15 15 14 14 13 13 12 12 12 12 11 11 10 10 10 10 10 10 9 9 9 9 9 9 8 8 9 8 8 8 8 8 8 8 8 8 7 7 7 7 7 7 7 7 6 6 6 6 6 6 6 6 6 6 6 6 5 6 
18 17 16 15 15 15 15 15 14 14 13 13 12 12 12 12 11 11 10 10 10 10 10 10 9 9 9 9 9 9 13 26 9 8 8 8 8 8 8 8 8 8 7 7 7 7 7 7 7 7 6 6 6 6 6 6 6 6 6 6 6 6 5 6 
17 16 16 16 15 15 15 14 14 14 13 13 12 12 12 12 11 11 11 11 10 10 10 10 10 10 9 9 38 129 138 144 116 51 14 8 8 8 8 8 8 8 8 8 8 7 7 7 7 7 6 6 6 6 6 6 6 6 6 6 6 6 5 6 
17 16 16 16 15 15 15 14 14 14 13 13 12 12 12 12 11 11 11 11 10 10 10 10 10 10 9 88 188 167 150 146 143 117 57 7 8 8 8 8 8 8 8 8 8 7 7 7 7 7 6 6 6 6 6 6 6 6 6 6 6 6 5 6 
18 17 16 16 15 15 15 15 14 14 13 13 13 13 12 12 11 11 11 11 10 10 10 10 9 11 33 184 170 153 150 147 154 144 118 38 8 8 8 8 8 8 8 8 14 7 7 7 7 7 7 7 6 6 6 6 6 6 6 6 6 6 5 6 
18 17 16 16 15 15 15 15 14 14 13 13 13 13 12 12 11 11 11 11 10 10 10 10 10 11 138 187 164 151 151 147 156 152 145 121 49 9 8 8 8 8 8 8 17 9 7 7 7 7 7 7 6 6 6 6 6 6 6 6 6 6 5 6 
18 17 16 15 15 15 14 14 14 14 13 13 12 12 12 12 11 11 11 11 11 11 10 10 10 126 215 176 161 149 146 146 152 154 143 129 84 9 9 9 8 8 8 8 15 10 7 7 7 7 7 7 6 6 6 6 6 6 6 6 6 6 5 6 
18 17 16 15 15 15 14 14 14 14 13 13 12 12 12 12 11 11 11 11 11 11 10 10 25 176 179 156 146 142 141 146 149 147 139 130 114 11 9 9 8 8 8 8 8 13 7 7 7 7 7 7 6 6 6 6 6 6 6 6 6 6 5 6 
18 17 16 16 15 15 15 15 14 14 13 13 12 12 12 12 12 12 11 11 11 11 10 10 55 146 144 141 139 134 133 140 144 142 135 132 127 73 9 8 8 8 8 8 8 17 7 7 7 7 7 7 6 6 6 6 6 6 6 6 6 6 6 7 
18 17 16 16 15 15 15 15 14 14 13 13 12 12 12 12 12 12 11 11 11 11 10 10 43 146 140 137 132 129 134 139 183 235 246 221 125 149 33 8 8 8 8 8 7 18 7 7 7 7 7 7 6 6 6 6 6 6 6 6 6 6 6 7 
18 17 16 16 15 15 15 15 14 14 13 13 13 13 12 12 12 12 11 11 11 11 11 11 38 146 135 129 125 128 131 159 210 224 238 223 144 105 143 92 38 9 8 8 9 17 7 8 7 7 7 7 7 7 6 6 6 6 6 6 6 6 6 7 
18 17 16 16 15 15 15 15 14 14 13 13 13 13 12 12 12 12 11 11 11 11 11 11 22 132 123 120 119 122 123 141 184 191 193 195 170 108 89 98 133 90 18 12 10 18 9 6 7 7 7 7 7 7 6 6 6 6 6 6 6 6 6 7 
18 18 16 15 15 15 15 14 14 14 13 13 13 13 12 12 12 12 12 12 11 10 11 11 25 158 168 159 130 123 122 120 142 169 169 160 163 151 92 81 111 136 91 31 12 33 8 7 7 7 7 7 6 6 6 6 6 6 7 8 10 5 6 7 
18 18 16 15 15 15 15 14 14 14 13 13 13 13 12 12 12 12 12 12 12 13 72 172 240 252 251 239 219 182 155 133 114 113 133 144 151 148 140 89 69 82 106 91 34 30 8 7 7 7 7 7 9 9 9 6 6 6 5 9 15 8 6 7 
18 17 16 16 16 16 15 15 14 14 14 14 13 13 13 13 12 12 12 13 101 210 252 253 249 239 226 215 200 175 165 148 130 106 100 97 98 119 140 107 99 66 80 89 72 24 8 8 8 8 8 11 13 13 13 9 6 6 6 7 18 15 7 7 
18 17 16 16 16 16 15 15 14 14 14 14 13 13 13 13 12 12 70 201 251 250 250 230 213 196 189 184 159 144 158 201 224 218 210 179 133 100 87 105 115 94 62 67 74 44 8 8 8 8 11 13 14 14 15 13 8 6 6 7 17 25 10 6 
18 18 16 16 16 16 15 15 14 14 14 14 13 13 13 13 12 81 237 250 192 173 199 220 188 198 203 203 191 213 231 230 235 248 252 245 201 143 106 111 99 105 84 56 62 53 11 8 8 9 13 14 14 15 15 15 12 7 6 6 9 25 19 9 
18 18 16 16 16 16 15 15 14 14 14 14 13 13 13 13 42 219 210 202 168 164 172 195 222 212 209 219 195 215 220 229 218 208 192 201 186 169 141 124 80 94 93 73 49 50 19 9 8 9 13 14 14 15 16 16 15 12 9 6 7 13 24 14 
18 18 16 16 16 16 15 15 15 15 14 14 13 13 13 14 181 233 197 180 164 168 163 171 196 216 235 201 173 220 231 244 243 233 209 176 203 195 169 126 76 87 90 78 61 42 20 11 16 15 12 14 14 15 16 16 16 16 13 9 6 7 21 22 
18 18 16 16 16 16 15 15 15 15 14 14 13 13 12 59 197 182 166 172 178 183 167 177 193 197 176 145 126 213 212 203 222 247 232 176 211 209 192 148 83 84 83 76 70 53 17 9 8 7 8 12 14 15 15 15 16 16 15 13 8 5 12 23 
18 18 17 17 16 16 15 15 15 15 14 14 14 14 14 102 159 160 158 168 181 190 174 169 159 151 147 127 118 207 210 209 232 252 209 176 209 228 216 161 122 87 93 87 82 67 33 8 8 8 8 9 12 14 15 15 14 15 15 14 12 8 7 17 
18 18 17 17 16 16 15 15 15 15 14 14 14 14 32 150 152 152 153 171 184 187 175 160 150 162 184 204 210 223 214 217 232 246 171 177 210 235 226 184 130 87 94 92 91 78 51 9 8 8 7 6 8 12 15 15 14 15 15 14 14 12 8 10 
18 18 17 17 16 16 15 15 15 15 14 14 13 12 58 140 146 147 148 175 195 183 175 164 172 192 170 130 215 249 233 219 215 208 161 179 213 227 220 182 118 90 97 98 89 79 54 18 8 8 7 7 7 10 15 15 15 15 16 16 15 15 11 8 
18 18 17 17 16 16 15 15 15 15 14 14 13 16 108 148 153 151 143 176 199 193 174 161 161 133 132 105 140 228 251 217 194 185 167 183 203 207 204 173 141 93 99 96 92 78 61 29 24 27 9 7 7 7 13 15 15 15 15 15 15 15 15 9 
19 18 17 17 16 16 16 16 15 15 14 14 14 14 139 188 160 166 162 169 204 200 179 156 159 130 166 168 180 179 197 191 217 223 169 174 194 205 189 159 146 97 99 100 95 77 62 26 22 39 88 62 16 12 14 18 16 15 14 14 14 14 17 14 
19 18 17 17 16 16 16 16 15 15 14 14 14 14 96 175 167 177 200 211 210 204 195 180 167 139 118 185 190 182 179 146 158 203 175 168 175 188 175 155 152 100 103 101 95 80 60 30 26 35 55 81 43 43 38 37 36 35 31 26 24 21 22 19 
19 18 17 16 16 16 16 16 15 15 14 14 14 14 84 192 211 237 251 245 215 212 230 202 164 150 117 133 154 179 210 167 141 146 142 150 160 164 165 144 154 107 104 106 97 85 70 64 26 34 65 91 45 41 39 39 35 36 36 33 34 34 33 33 
19 18 17 16 16 16 16 16 15 15 14 14 14 14 30 191 240 254 251 254 209 230 253 191 151 182 141 132 151 198 193 159 144 159 138 140 154 156 156 137 155 129 106 107 100 88 79 73 38 36 83 44 20 20 18 18 19 24 27 30 32 34 37 35 
19 18 17 16 16 16 16 16 15 15 15 15 14 14 13 131 201 232 248 252 220 233 252 216 201 241 196 154 203 211 186 159 161 162 152 148 155 152 142 128 161 138 106 111 100 86 84 73 52 58 50 8 8 8 8 8 8 9 11 14 14 15 14 19 
19 18 17 16 16 16 16 16 15 15 15 15 14 14 14 56 191 218 244 237 236 251 251 199 155 184 226 186 205 207 185 192 204 175 164 163 159 148 133 124 160 123 108 112 99 85 86 75 52 13 8 8 8 8 8 8 6 8 7 10 12 14 13 16 
19 19 18 18 17 17 16 16 15 15 14 14 14 14 13 16 153 208 236 235 247 253 241 191 149 131 135 186 215 196 196 220 212 202 181 160 156 147 135 129 150 111 111 109 96 75 89 79 53 7 8 8 8 8 8 8 7 7 7 7 8 11 12 14 
19 19 18 18 17 17 16 16 15 15 14 14 14 14 13 13 55 191 214 237 241 247 211 184 156 139 123 118 149 158 206 204 192 183 165 152 145 134 129 125 132 106 113 104 69 78 92 82 41 8 8 8 8 8 8 8 7 7 7 7 7 7 7 10 
19 19 18 17 17 17 16 16 16 16 15 15 14 14 14 14 14 106 201 219 235 215 182 175 170 153 133 121 117 150 186 169 159 156 154 142 131 117 112 104 104 106 108 80 46 121 96 78 22 8 8 8 8 8 8 8 7 7 7 7 7 7 7 8 
19 19 18 17 17 17 16 16 16 16 15 15 14 14 14 14 13 20 156 202 221 215 169 171 174 166 142 130 121 147 141 138 135 129 124 117 109 101 96 91 83 96 81 45 51 163 102 62 9 8 8 8 8 8 8 8 7 7 7 7 7 7 7 16 
19 18 18 17 17 17 16 16 15 15 15 15 14 14 14 14 14 14 22 123 199 209 160 184 195 179 159 143 134 147 136 130 125 120 117 109 102 97 91 96 100 91 62 47 71 166 91 22 9 9 8 8 7 7 8 8 10 10 9 9 11 14 19 26 
19 18 18 17 17 17 16 16 15 15 15 15 14 14 14 14 14 14 13 17 97 180 161 173 198 201 187 165 156 157 144 133 125 117 115 118 123 128 131 120 108 91 50 55 99 166 64 9 9 9 8 8 8 11 12 14 15 15 15 17 22 24 28 32 
20 20 18 18 17 17 16 16 16 16 15 15 15 15 14 14 14 14 14 14 14 71 170 182 192 213 208 200 182 181 188 189 194 192 169 152 145 136 127 121 102 62 58 66 128 174 113 9 8 9 12 12 12 12 12 13 14 14 16 21 25 30 32 29 
20 20 18 18 17 17 16 16 16 16 15 15 15 15 14 14 14 14 14 14 13 16 160 242 250 241 239 231 209 201 191 178 162 150 147 137 132 121 104 78 51 59 71 79 148 181 153 19 12 13 11 11 12 12 12 13 15 15 18 23 26 29 26 27 
20 20 19 18 18 18 17 17 16 16 15 15 15 15 14 14 14 14 14 14 13 13 67 238 248 249 246 139 58 19 13 13 13 13 25 64 82 80 74 62 59 75 87 110 163 195 153 48 12 11 11 11 12 12 13 14 14 16 20 24 27 27 25 27 
20 20 19 18 18 18 17 17 16 16 15 15 15 15 14 14 14 14 14 14 13 13 13 74 105 75 49 13 13 12 12 12 12 24 72 94 92 88 82 72 79 101 123 143 177 184 176 50 11 12 12 12 12 12 13 14 15 18 21 25 27 22 28 18 
20 19 19 18 18 18 17 17 16 16 15 15 15 15 14 14 14 14 14 14 13 13 13 13 13 13 13 13 12 12 12 12 11 48 108 109 107 102 96 102 120 142 158 155 162 182 167 18 13 13 13 12 12 13 14 14 14 20 26 28 23 21 24 13 
20 19 19 18 18 18 17 17 16 16 15 15 15 15 14 14 14 14 14 14 13 13 13 13 13 13 13 13 12 12 12 12 10 37 126 127 126 126 134 143 159 174 181 164 82 101 81 12 13 13 12 13 13 12 13 13 17 23 25 23 20 30 16 10 
21 21 20 19 19 19 17 16 17 17 16 16 15 15 15 15 14 14 14 14 13 13 13 13 13 13 13 13 12 12 12 12 12 12 67 149 157 158 161 174 188 210 212 117 18 15 15 12 14 14 13 12 13 13 13 16 19 20 16 14 19 20 9 10 
21 21 20 19 19 19 17 16 17 17 16 16 15 15 15 15 14 14 14 14 13 13 13 13 13 13 13 13 12 12 12 12 12 12 11 16 56 140 212 231 232 185 79 18 15 14 14 13 14 14 13 12 13 13 13 16 16 12 8 8 10 8 6 10 
21 20 20 20 19 19 18 17 17 17 16 16 16 16 15 15 14 14 14 14 13 13 13 13 13 13 13 13 12 12 12 12 12 12 12 12 12 12 78 49 42 19 16 16 16 16 15 14 14 14 15 13 13 13 13 11 11 8 8 8 8 8 8 9 
21 20 20 20 19 19 18 17 17 17 16 16 16 16 15 15 14 14 14 14 13 13 13 13 13 13 13 13 12 12 12 12 12 12 12 12 12 12 34 13 19 15 16 16 16 16 15 14 15 15 16 15 12 12 10 9 8 8 8 8 8 8 8 9 
22 21 20 19 19 19 18 18 17 17 17 17 16 16 15 15 15 15 14 14 14 14 14 14 13 13 13 13 13 13 12 12 12 12 12 12 10 19 22 15 17 16 16 15 15 15 15 16 15 15 15 13 9 9 9 9 9 9 8 8 8 8 8 9 
22 21 20 19 19 19 18 18 17 17 17 17 16 16 15 15 15 15 14 14 14 14 14 14 13 13 13 13 13 13 12 12 12 12 12 12 15 26 14 18 17 16 16 15 14 14 13 15 15 13 13 10 8 8 9 9 9 9 8 8 8 8 8 9 
22 22 20 19 19 19 18 18 18 18 17 17 17 17 16 16 15 15 14 14 14 14 14 14 13 13 13 13 13 13 13 13 12 12 12 12 24 16 12 12 11 11 12 12 12 14 13 11 12 11 9 9 9 9 9 9 9 9 8 8 8 8 8 9 
22 22 20 19 19 19 18 18 18 18 17 17 17 17 16 16 15 15 14 14 14 14 14 14 13 13 13 13 13 13 13 13 12 12 12 12 15 12 12 12 10 10 11 11 10 10 10 9 9 10 9 9 9 9 9 9 9 9 8 8 8 8 8 9 
21 21 20 20 20 19 18 18 18 18 17 17 16 16 16 16 15 15 15 15 14 14 14 14 14 14 13 13 13 13 13 13 12 12 12 12 12 12 12 12 11 11 11 11 10 10 10 10 10 10 10 10 9 9 9 9 9 9 8 8 8 8 8 9 
21 21 20 20 20 19 18 18 18 18 17 17 16 16 16 16 15 15 15 15 14 14 14 14 14 14 13 13 13 13 13 13 12 12 12 12 12 12 12 12 11 11 11 11 10 10 10 10 10 10 10 10 9 9 9 9 9 9 8 8 8 8 8 9 
22 21 21 20 20 20 18 18 19 19 18 18 17 17 16 16 16 16 15 15 15 15 14 14 14 14 14 14 13 13 13 13 13 13 12 12 12 12 12 12 12 12 11 11 11 11 11 11 10 10 10 10 9 9 9 9 9 9 9 9 9 9 8 9 
22 21 21 20 20 20 19 19 19 19 18 18 17 17 16 16 16 16 15 15 15 15 14 14 14 14 14 14 13 13 13 13 13 13 12 12 12 12 12 12 12 12 11 11 11 11 11 11 10 10 10 10 9 9 9 9 9 9 9 9 9 9 8 9 
22 21 21 21 20 19 20 20 19 19 18 18 18 18 17 17 16 16 15 15 15 15 14 14 14 14 14 14 14 14 13 13 13 13 13 13 13 13 12 12 12 12 12 12 11 11 11 11 10 10 10 10 10 10 9 9 9 9 9 9 8 8 8 9 
22 21 21 21 20 19 20 20 19 19 18 18 18 18 17 17 16 16 15 15 15 15 14 14 14 14 14 14 14 14 13 13 13 13 13 13 13 13 12 12 12 12 12 12 11 11 11 11 10 10 10 10 10 10 9 9 9 9 9 9 8 8 8 9 
22 22 21 21 21 21 20 20 20 20 18 16 18 18 17 17 16 16 16 16 15 15 15 15 14 14 14 14 14 14 13 13 13 13 13 13 13 13 12 12 12 12 12 12 11 11 11 11 10 10 10 10 10 10 10 10 9 9 9 9 9 9 9 11 
22 22 21 21 21 21 20 20 20 20 19 18 18 18 17 17 16 16 16 16 15 15 15 15 14 14 14 14 14 14 13 13 13 13 13 13 13 13 12 12 12 12 12 12 11 11 11 11 10 10 10 10 10 10 10 10 9 9 9 9 9 9 9 11 
