18 17 15 15 14 13 13 12 11 11 10 9 9 9 9 8 8 8 8 8 7 7 7 7 7 6 6 6 6 6 6 6 
17 16 15 15 14 13 13 12 11 10 10 9 9 9 9 9 8 8 8 8 8 7 7 7 7 6 6 6 6 6 6 6 
18 16 16 15 14 13 12 12 11 10 10 10 9 9 9 9 8 8 8 8 8 7 7 7 7 6 6 6 6 6 6 6 
18 16 15 15 14 13 12 12 11 10 10 10 9 9 9 14 9 8 8 8 8 7 7 7 7 6 6 6 6 6 6 5 
17 16 15 15 14 13 12 12 11 11 10 10 10 29 131 144 107 22 8 8 8 8 8 7 7 6 6 6 6 6 6 6 
18 16 15 15 14 13 13 12 11 11 10 10 10 135 160 148 151 106 18 8 8 8 11 7 7 7 6 6 6 6 6 6 
18 16 15 14 14 13 12 12 11 11 11 10 84 181 150 145 151 135 55 9 8 8 12 7 7 7 6 6 6 6 6 5 
18 16 15 15 14 13 12 12 12 11 11 10 98 141 134 136 176 183 119 15 8 8 13 7 7 7 6 6 6 6 6 7 
18 16 15 15 14 13 13 12 12 11 11 11 85 126 123 138 203 212 132 106 68 12 14 8 7 7 7 6 6 6 6 7 
18 16 15 15 14 13 13 12 12 12 11 66 169 204 163 133 134 151 153 100 100 80 28 8 7 7 8 6 6 8 10 7 
18 16 16 15 14 14 13 13 12 74 203 246 224 204 169 168 169 146 112 109 94 75 54 8 8 11 14 12 7 7 19 7 
18 16 16 15 14 14 13 13 88 225 174 197 205 208 204 227 227 222 174 121 94 76 53 11 9 14 15 16 12 6 14 16 
18 16 16 15 15 14 13 25 198 178 174 169 200 189 183 222 236 198 205 159 83 82 57 14 12 11 15 16 16 13 7 19 
18 17 16 15 15 14 14 74 155 163 185 170 156 165 189 213 240 183 221 197 107 91 79 25 8 8 11 15 15 15 11 10 
18 17 16 15 15 14 14 114 150 161 193 168 164 134 208 230 201 172 212 195 111 97 85 40 17 8 8 14 15 16 15 10 
19 17 16 16 15 14 14 149 168 186 205 178 148 160 182 178 200 171 190 170 124 101 87 45 31 72 28 27 25 21 19 18 
19 17 16 16 15 14 14 125 235 250 216 219 161 131 170 182 147 143 159 151 136 105 93 72 34 71 32 28 29 31 34 34 
19 17 16 16 15 15 14 53 211 245 235 229 195 190 207 180 176 157 153 132 145 109 93 79 44 18 8 8 8 11 14 15 
19 18 17 16 15 14 14 14 152 230 247 207 144 141 179 207 198 165 145 129 125 109 80 85 27 8 8 8 7 7 8 11 
19 18 17 16 16 15 14 14 38 195 222 175 166 132 133 158 145 134 114 101 97 79 95 85 12 8 8 8 7 7 7 10 
19 18 17 16 15 15 14 14 14 44 172 170 194 164 148 136 121 114 113 110 98 53 125 47 9 8 8 11 13 12 18 27 
20 18 17 16 16 15 15 14 14 14 29 188 224 219 193 186 174 152 133 108 69 69 158 73 11 12 12 13 15 20 28 29 
20 19 18 17 16 15 15 14 14 14 13 98 169 112 25 13 16 64 86 73 79 116 179 106 12 12 12 14 16 23 25 24 
20 19 18 17 16 15 15 14 14 14 13 13 13 13 12 12 27 118 115 119 149 165 132 69 13 13 13 14 19 25 23 16 
21 20 19 17 17 16 15 15 14 14 13 13 13 13 12 12 12 61 128 195 203 107 16 13 14 13 13 15 17 11 14 8 
21 20 19 18 17 16 16 15 14 14 13 13 13 13 12 12 12 12 12 44 24 16 16 15 15 15 13 11 8 8 8 9 
22 20 19 18 17 17 16 15 15 14 14 14 13 13 13 12 12 12 18 18 16 16 15 15 15 13 9 9 9 8 8 9 
22 20 19 18 18 17 17 16 15 14 14 14 13 13 13 13 12 12 17 12 10 11 12 11 10 9 9 9 9 8 8 9 
21 20 20 18 18 17 16 16 15 15 14 14 14 13 13 13 12 12 12 12 11 11 10 10 10 10 9 9 9 8 8 9 
22 21 20 19 19 18 17 16 16 15 15 14 14 14 13 13 13 12 12 12 12 11 11 11 10 10 9 9 9 9 9 9 
22 21 20 20 19 18 18 17 16 15 15 14 14 14 14 13 13 13 13 12 12 12 11 11 10 10 10 9 9 9 8 9 
22 21 21 20 20 18 18 17 16 16 15 15 14 14 14 13 13 13 13 12 12 12 11 11 10 10 10 10 9 9 9 10 
