19 18 17 17 17 17 17 17 15 15 15 15 15 15 15 15 14 14 14 14 13 13 13 13 13 13 13 13 12 12 12 12 11 11 11 11 11 11 11 11 11 10 9 9 9 9 9 9 9 9 9 9 9 9 9 9 9 9 9 9 8 8 8 8 8 8 8 8 8 8 8 8 8 8 8 8 8 8 8 8 7 7 7 7 7 7 7 7 7 7 7 7 7 7 7 7 7 7 7 7 6 6 6 6 6 6 6 6 6 6 6 6 6 6 6 6 6 6 6 6 6 6 6 6 6 6 6 6 
19 18 17 17 17 17 17 17 15 15 15 15 15 15 15 15 14 14 14 14 13 13 13 13 13 13 13 13 12 12 12 12 11 11 11 11 11 11 11 11 11 10 9 9 9 9 9 9 9 9 9 9 9 9 9 9 9 9 9 9 8 8 8 8 8 8 8 8 8 8 8 8 8 8 8 8 8 8 8 8 7 7 7 7 7 7 7 7 7 7 7 7 7 7 7 7 7 7 7 7 6 6 6 6 6 6 6 6 6 6 6 6 6 6 6 6 6 6 6 6 6 6 6 6 6 6 6 6 
19 18 17 17 17 17 17 17 15 15 15 15 15 15 15 15 14 14 14 14 13 13 13 13 13 13 13 13 12 12 12 12 11 11 11 11 11 11 11 11 11 10 9 9 9 9 9 9 9 9 9 9 9 9 9 9 9 9 9 9 8 8 8 8 8 8 8 8 8 8 8 8 8 8 8 8 8 8 8 8 7 7 7 7 7 7 7 7 7 7 7 7 7 7 7 7 7 7 7 7 6 6 6 6 6 6 6 6 6 6 6 6 6 6 6 6 6 6 6 6 6 6 6 6 6 6 6 6 
19 18 17 17 17 17 17 17 15 15 15 15 15 15 15 15 14 14 14 14 13 13 13 13 13 13 13 13 12 12 12 12 11 11 11 11 11 11 11 11 11 10 9 9 9 9 9 9 9 9 9 9 9 9 9 9 9 9 9 9 8 8 8 8 8 8 8 8 8 8 8 8 8 8 8 8 8 8 8 8 7 7 7 7 7 7 7 7 7 7 7 7 7 7 7 7 7 7 7 7 6 6 6 6 6 6 6 6 6 6 6 6 6 6 6 6 6 6 6 6 6 6 6 6 6 6 6 6 
18 17 16 16 16 16 16 16 15 15 15 15 15 15 15 15 14 14 14 14 14 13 12 12 13 13 13 13 12 12 12 12 11 11 11 11 10 10 10 10 10 10 10 10 9 9 9 9 9 9 9 9 9 9 9 9 9 9 9 9 9 9 9 9 8 8 8 8 8 8 8 8 8 8 8 8 8 8 8 8 8 8 8 8 7 7 7 7 7 7 7 7 7 7 7 7 7 7 7 7 6 6 6 6 6 6 6 6 6 6 6 6 6 6 6 6 6 6 6 6 6 6 6 6 6 6 6 6 
18 17 16 16 16 16 16 16 15 15 15 15 15 15 15 15 14 14 14 14 14 13 12 12 13 13 13 13 12 12 12 12 11 11 11 11 10 10 10 10 10 10 10 10 9 9 9 9 9 9 9 9 9 9 9 9 9 9 9 9 9 9 9 9 8 8 8 8 8 8 8 8 8 8 8 8 8 8 8 8 8 8 8 8 7 7 7 7 7 7 7 7 7 7 7 7 7 7 7 7 6 6 6 6 6 6 6 6 6 6 6 6 6 6 6 6 6 6 6 6 6 6 6 6 6 6 6 6 
18 17 16 16 16 16 16 16 15 15 15 15 15 15 15 15 14 14 14 14 14 13 12 12 13 13 13 13 12 12 12 12 11 11 11 11 10 10 10 10 10 10 10 10 9 9 9 9 9 9 9 9 9 9 9 9 9 9 9 9 9 9 9 9 8 8 8 8 8 8 8 8 8 8 8 8 8 8 8 8 8 8 8 8 7 7 7 7 7 7 7 7 7 7 7 7 7 7 7 7 6 6 6 6 6 6 6 6 6 6 6 6 6 6 6 6 6 6 6 6 6 6 6 6 6 6 6 6 
18 17 16 16 16 16 16 16 15 15 15 15 15 15 15 15 14 14 14 14 14 13 12 12 13 13 13 13 12 12 12 12 11 11 11 11 10 10 10 10 10 10 10 10 9 9 9 9 9 9 9 9 9 9 9 9 9 9 9 9 9 9 9 9 8 8 8 8 8 8 8 8 8 8 8 8 8 8 8 8 8 8 8 8 7 7 7 7 7 7 7 7 7 7 7 7 7 7 7 7 6 6 6 6 6 6 6 6 6 6 6 6 6 6 6 6 6 6 6 6 6 6 6 6 6 6 6 6 
19 18 17 17 16 16 16 16 16 16 16 16 15 15 15 15 14 14 14 14 14 13 12 12 12 12 12 12 12 12 12 12 11 11 11 11 10 10 10 10 10 10 10 10 10 10 10 10 9 9 9 9 9 9 9 9 9 9 9 9 9 9 9 9 8 8 8 8 8 8 8 8 8 8 8 8 8 8 8 8 8 8 8 8 7 7 7 7 7 7 7 7 7 7 7 7 7 7 7 7 6 6 6 6 6 6 6 6 6 6 6 6 6 6 6 6 6 6 6 6 6 6 6 6 5 5 5 8 
19 18 17 17 16 16 16 16 16 16 16 16 15 15 15 15 14 14 14 14 14 13 12 12 12 12 12 12 12 12 12 12 11 11 11 11 10 10 10 10 10 10 10 10 10 10 10 10 9 9 9 9 9 9 9 9 9 9 9 9 9 9 9 9 8 8 8 8 8 8 8 8 8 8 8 8 8 8 8 8 8 8 8 8 7 7 7 7 7 7 7 7 7 7 7 7 7 7 7 7 6 6 6 6 6 6 6 6 6 6 6 6 6 6 6 6 6 6 6 6 6 6 6 6 5 5 5 8 
19 18 17 17 16 16 16 16 16 16 16 16 15 15 15 15 14 14 14 14 14 13 12 12 12 12 12 12 12 12 12 12 11 11 11 11 10 10 10 10 10 10 10 10 10 10 10 10 9 9 9 9 9 9 9 9 9 9 9 9 9 9 9 9 8 8 8 8 8 8 8 8 8 8 8 8 8 8 8 8 8 8 8 8 7 7 7 7 7 7 7 7 7 7 7 7 7 7 7 7 6 6 6 6 6 6 6 6 6 6 6 6 6 6 6 6 6 6 6 6 6 6 6 6 5 5 5 8 
19 18 17 17 16 16 16 16 16 16 16 16 15 15 15 15 14 14 14 14 14 13 12 12 12 12 12 12 12 12 12 12 11 11 11 11 10 10 10 10 10 10 10 10 10 10 10 10 9 9 9 9 9 9 9 9 9 9 9 9 9 9 9 9 8 8 8 8 8 8 8 8 8 8 8 8 8 8 8 8 8 8 8 8 7 7 7 7 7 7 7 7 7 7 7 7 7 7 7 7 6 6 6 6 6 6 6 6 6 6 6 6 6 6 6 6 6 6 6 6 6 6 6 6 5 5 5 8 
19 18 17 17 17 16 15 15 15 15 15 15 15 15 15 15 14 14 14 14 13 13 13 13 12 12 12 12 12 12 12 12 11 11 11 11 10 10 10 10 10 10 10 10 10 10 10 10 9 9 9 9 9 9 9 9 9 9 9 9 7 6 8 10 8 8 7 9 8 8 8 8 8 8 8 8 8 8 8 8 8 8 8 8 7 7 7 7 7 7 7 7 7 7 7 7 7 7 7 7 6 6 6 6 6 6 6 6 6 6 6 6 6 6 6 6 6 6 6 6 6 6 6 6 5 5 4 8 
19 18 17 17 17 16 15 15 15 15 15 15 15 15 15 15 14 14 14 14 13 13 13 13 12 12 12 12 12 12 12 12 11 11 11 11 10 10 10 10 10 10 10 10 10 10 10 10 9 9 9 9 9 9 9 9 9 9 9 9 8 10 6 6 10 9 9 7 8 8 8 8 8 8 8 8 8 8 8 8 8 8 8 8 7 7 7 7 7 7 7 7 7 7 7 7 7 7 7 7 6 6 6 6 6 6 6 6 6 6 6 6 6 6 6 6 6 6 6 6 6 6 6 6 5 5 4 8 
19 18 17 17 17 16 15 15 15 15 15 15 15 15 15 15 14 14 14 14 13 13 13 13 12 12 12 12 12 12 12 12 11 11 11 11 10 10 10 10 10 10 10 10 10 10 10 10 9 9 9 9 9 9 9 9 9 9 9 9 10 7 12 10 7 5 9 8 8 8 8 8 8 8 8 8 8 8 8 8 8 8 8 8 7 7 7 7 7 7 7 7 7 7 7 7 7 7 7 7 6 6 6 6 6 6 6 6 6 6 6 6 6 6 6 6 6 6 6 6 6 6 6 6 5 5 4 8 
19 18 17 17 17 16 15 15 15 15 15 15 15 15 15 15 14 14 14 14 13 13 13 13 12 12 12 12 12 12 12 12 11 11 11 11 10 10 10 10 10 10 10 10 10 10 10 10 9 9 9 9 9 9 9 9 9 9 9 9 12 24 29 52 18 7 9 8 8 8 8 8 8 8 8 8 8 8 8 8 8 8 8 8 7 7 7 7 7 7 7 7 7 7 7 7 7 7 7 7 6 6 6 6 6 6 6 6 6 6 6 6 6 6 6 6 6 6 6 6 6 6 6 6 5 5 4 8 
18 17 16 16 16 16 16 16 15 15 15 15 16 15 14 14 14 14 14 14 13 13 13 13 12 12 12 12 12 12 12 12 11 11 11 11 11 11 11 11 10 10 10 10 10 10 10 10 10 10 10 10 11 9 7 8 8 15 43 115 124 142 137 147 139 37 12 10 6 11 8 5 8 8 8 8 8 8 8 8 8 8 8 8 8 8 8 8 9 8 7 7 7 7 7 7 7 7 7 7 6 6 6 6 6 6 6 6 6 6 6 6 6 6 6 6 6 6 6 6 6 6 6 6 5 5 5 8 
18 17 16 16 16 16 16 16 15 15 15 15 16 15 14 14 14 14 14 14 13 13 13 13 12 12 12 12 12 12 12 12 11 11 11 11 11 11 11 11 10 10 10 10 10 10 10 10 10 10 10 10 7 10 10 12 19 111 191 165 144 143 146 146 141 146 87 97 31 9 9 8 8 8 8 8 8 8 8 8 8 8 8 8 8 8 8 8 9 8 7 7 7 7 7 7 7 7 7 7 6 6 6 6 6 6 6 6 6 6 6 6 6 6 6 6 6 6 6 6 6 6 6 6 5 5 5 8 
18 17 16 16 16 16 16 16 15 15 15 15 16 15 14 14 14 14 14 14 13 13 13 13 12 12 12 12 12 12 12 12 11 11 11 11 11 11 11 11 10 10 10 10 10 10 10 10 10 10 10 10 9 7 6 62 177 191 180 164 154 150 145 147 144 136 119 99 81 11 9 6 8 8 8 8 8 8 8 8 8 8 8 8 8 8 8 8 9 8 7 7 7 7 7 7 7 7 7 7 6 6 6 6 6 6 6 6 6 6 6 6 6 6 6 6 6 6 6 6 6 6 6 6 5 5 5 8 
18 17 16 16 16 16 16 16 15 15 15 15 16 15 14 14 14 14 14 14 13 13 13 13 12 12 12 12 12 12 12 12 11 11 11 11 11 11 11 11 10 10 10 10 10 10 10 10 10 10 10 10 10 10 74 209 209 178 167 157 151 147 147 143 148 144 133 118 104 33 8 7 8 8 8 8 8 8 8 8 8 8 8 8 8 8 8 8 9 8 7 7 7 7 7 7 7 7 7 7 6 6 6 6 6 6 6 6 6 6 6 6 6 6 6 6 6 6 6 6 6 6 6 6 5 5 5 8 
19 18 17 17 16 16 16 16 15 15 15 15 15 15 15 15 14 14 14 14 13 13 13 13 13 13 13 13 12 12 12 12 11 11 11 11 11 11 11 11 10 10 10 10 10 10 10 10 11 7 11 10 9 29 171 194 187 168 152 156 151 150 150 149 149 156 141 141 133 68 9 11 10 8 9 8 8 8 8 8 8 8 8 8 8 8 8 8 15 8 8 6 7 7 7 7 7 7 7 7 7 7 7 7 6 6 6 6 6 6 6 6 6 6 6 6 6 6 6 6 6 6 6 6 5 5 5 8 
19 18 17 17 16 16 16 16 15 15 15 15 15 15 15 15 14 14 14 14 13 13 13 13 13 13 13 13 12 12 12 12 11 11 11 11 11 11 11 11 10 10 10 10 10 10 10 10 9 10 12 11 11 82 186 188 171 156 152 153 151 149 142 147 153 157 151 144 145 127 113 19 6 8 8 7 8 8 8 8 8 8 8 8 8 8 8 8 19 14 6 9 7 7 7 7 7 7 7 7 7 7 7 7 6 6 6 6 6 6 6 6 6 6 6 6 6 6 6 6 6 6 6 6 5 5 5 8 
19 18 17 17 16 16 16 16 15 15 15 15 15 15 15 15 14 14 14 14 13 13 13 13 13 13 13 13 12 12 12 12 11 11 11 11 11 11 11 11 10 10 10 10 10 10 10 10 11 10 8 9 20 170 197 181 167 159 157 153 153 151 144 149 155 158 155 149 147 137 120 106 63 5 11 7 8 8 8 8 8 8 8 8 8 8 8 8 16 17 6 7 7 7 7 7 7 7 7 7 7 7 7 7 6 6 6 6 6 6 6 6 6 6 6 6 6 6 6 6 6 6 6 6 5 5 5 8 
19 18 17 17 16 16 16 16 15 15 15 15 15 15 15 15 14 14 14 14 13 13 13 13 13 13 13 13 12 12 12 12 11 11 11 11 11 11 11 11 10 10 10 10 10 10 10 10 11 10 10 20 156 207 196 173 166 163 151 145 150 149 149 148 155 156 152 154 156 141 128 129 116 12 9 9 8 8 8 8 8 8 8 8 8 8 8 8 14 19 14 8 7 7 7 7 7 7 7 7 7 7 7 7 6 6 6 6 6 6 6 6 6 6 6 6 6 6 6 6 6 6 6 6 5 5 5 8 
19 18 17 17 17 16 15 15 15 15 15 15 14 14 14 14 14 14 14 14 13 13 13 13 12 12 12 12 12 12 12 12 11 11 11 11 11 11 11 11 11 11 11 11 10 10 10 10 9 12 13 149 232 206 187 172 164 161 154 147 148 146 146 147 156 153 159 151 141 139 126 132 140 16 7 10 9 9 9 9 8 8 8 8 8 8 8 8 11 22 13 7 7 7 7 7 7 7 7 7 7 7 7 7 6 6 6 6 6 6 6 6 6 6 6 6 6 6 6 6 6 6 6 6 5 5 4 8 
19 18 17 17 17 16 15 15 15 15 15 15 14 14 14 14 14 14 14 14 13 13 13 13 12 12 12 12 12 12 12 12 11 11 11 11 11 11 11 11 11 11 11 11 10 10 10 10 7 12 94 250 217 205 179 166 163 156 149 147 145 144 145 147 152 150 156 151 146 146 132 127 151 31 12 8 9 9 9 9 8 8 8 8 8 8 8 8 7 19 15 5 7 7 7 7 7 7 7 7 7 7 7 7 6 6 6 6 6 6 6 6 6 6 6 6 6 6 6 6 6 6 6 6 5 5 4 8 
19 18 17 17 17 16 15 15 15 15 15 15 14 14 14 14 14 14 14 14 13 13 13 13 12 12 12 12 12 12 12 12 11 11 11 11 11 11 11 11 11 11 11 11 10 10 10 10 11 26 184 207 195 193 165 156 153 145 141 142 142 142 144 147 153 145 147 151 144 140 135 130 136 65 7 8 9 9 9 9 8 8 8 8 8 8 8 8 5 13 17 7 7 7 7 7 7 7 7 7 7 7 7 7 6 6 6 6 6 6 6 6 6 6 6 6 6 6 6 6 6 6 6 6 5 5 4 8 
19 18 17 17 17 16 15 15 15 15 15 15 14 14 14 14 14 14 14 14 13 13 13 13 12 12 12 12 12 12 12 12 11 11 11 11 11 11 11 11 11 11 11 11 10 10 10 10 10 53 152 164 163 166 153 151 144 142 141 143 139 140 144 148 150 148 146 143 138 137 135 121 123 132 19 9 9 9 9 9 8 8 8 8 8 8 8 8 7 9 18 11 7 7 7 7 7 7 7 7 7 7 7 7 6 6 6 6 6 6 6 6 6 6 6 6 6 6 6 6 6 6 6 6 5 5 4 8 
19 18 17 17 16 16 16 16 15 15 15 15 15 15 15 15 14 14 14 14 13 13 13 13 12 12 12 12 12 12 12 12 12 12 12 12 11 11 11 11 11 11 11 11 10 10 10 10 8 93 147 147 149 147 143 144 143 142 138 135 133 137 141 145 148 149 144 140 132 135 134 127 114 150 84 9 8 9 7 9 8 8 8 8 8 8 8 8 7 9 16 20 7 7 7 7 7 7 7 7 7 7 7 7 6 6 6 6 6 6 6 6 6 6 6 6 6 6 6 6 6 6 6 6 6 6 6 9 
19 18 17 17 16 16 16 16 15 15 15 15 15 15 15 15 14 14 14 14 13 13 13 13 12 12 12 12 12 12 12 12 12 12 12 12 11 11 11 11 11 11 11 11 10 10 10 10 14 106 145 145 140 140 137 139 138 135 132 131 131 130 136 139 138 142 146 139 137 135 135 131 122 123 171 29 10 9 9 7 8 8 8 8 8 8 8 8 7 7 14 20 7 7 7 7 7 7 7 7 7 7 7 7 6 6 6 6 6 6 6 6 6 6 6 6 6 6 6 6 6 6 6 6 6 6 6 9 
19 18 17 17 16 16 16 16 15 15 15 15 15 15 15 15 14 14 14 14 13 13 13 13 12 12 12 12 12 12 12 12 12 12 12 12 11 11 11 11 11 11 11 11 10 10 10 10 10 85 150 144 140 139 137 139 136 132 130 131 132 135 135 134 135 155 203 237 244 234 227 191 124 115 164 129 12 7 8 8 8 8 8 8 8 8 8 8 8 6 13 21 7 7 7 7 7 7 7 7 7 7 7 7 6 6 6 6 6 6 6 6 6 6 6 6 6 6 6 6 6 6 6 6 6 6 6 9 
19 18 17 17 16 16 16 16 15 15 15 15 15 15 15 15 14 14 14 14 13 13 13 13 12 12 12 12 12 12 12 12 12 12 12 12 11 11 11 11 11 11 11 11 10 10 10 10 9 67 147 145 142 140 136 137 133 128 126 129 133 136 135 152 200 243 246 252 253 254 246 219 151 111 119 184 100 14 9 8 8 8 8 8 8 8 8 8 9 7 14 22 7 7 7 7 7 7 7 7 7 7 7 7 6 6 6 6 6 6 6 6 6 6 6 6 6 6 6 6 6 6 6 6 6 6 6 9 
19 18 17 17 16 16 16 16 15 15 15 15 15 15 15 15 14 14 14 14 13 13 13 13 13 13 13 13 12 12 12 12 12 12 12 12 11 11 11 11 11 11 11 11 11 11 11 11 15 67 151 146 139 136 135 131 128 126 127 133 134 133 136 185 215 229 229 241 244 252 243 205 167 114 104 121 180 117 41 11 11 8 8 6 9 6 10 6 10 7 9 27 9 6 8 8 7 7 7 7 7 7 7 7 7 7 7 7 6 6 6 6 6 6 6 6 6 6 6 6 6 6 6 6 6 6 6 9 
19 18 17 17 16 16 16 16 15 15 15 15 15 15 15 15 14 14 14 14 13 13 13 13 13 13 13 13 12 12 12 12 12 12 12 12 11 11 11 11 11 11 11 11 11 11 11 11 10 61 149 139 134 129 126 123 124 122 124 127 131 128 132 183 192 206 212 215 220 236 232 210 161 134 101 94 109 167 193 122 87 48 15 9 10 8 7 10 11 7 8 25 9 6 8 7 7 7 7 7 7 7 7 7 7 7 7 7 6 6 6 6 6 6 6 6 6 6 6 6 6 6 6 6 6 6 6 9 
19 18 17 17 16 16 16 16 15 15 15 15 15 15 15 15 14 14 14 14 13 13 13 13 13 13 13 13 12 12 12 12 12 12 12 12 11 11 11 11 11 11 11 11 11 11 11 11 11 42 135 136 130 124 122 121 119 120 121 123 123 125 123 165 182 196 200 200 201 203 211 206 181 148 109 93 90 90 97 112 123 139 98 27 5 8 12 10 12 8 9 25 10 7 7 6 7 7 7 7 7 7 7 7 7 7 7 7 6 6 6 6 6 6 6 6 6 6 6 6 6 6 6 6 6 6 6 9 
19 18 17 17 16 16 16 16 15 15 15 15 15 15 15 15 14 14 14 14 13 13 13 13 13 13 13 13 12 12 12 12 12 12 12 12 11 11 11 11 11 11 11 11 11 11 11 11 7 30 128 130 123 117 118 119 119 120 122 123 125 121 131 144 173 187 182 185 188 182 172 194 192 158 135 95 91 85 86 99 124 148 138 96 47 12 10 17 12 9 11 29 11 7 7 6 7 7 7 7 7 7 7 7 7 7 7 7 6 6 6 6 6 6 6 6 6 6 6 6 6 6 6 6 6 6 6 9 
18 18 18 18 17 16 15 15 15 15 15 15 16 15 14 14 14 14 14 14 13 13 13 13 13 13 13 13 12 12 12 12 12 12 12 12 12 12 12 12 12 12 11 10 12 11 11 13 16 18 126 133 131 124 124 118 119 125 123 124 121 121 119 125 147 175 178 174 173 175 168 159 171 176 159 116 88 84 85 84 111 144 136 136 95 55 13 17 8 15 21 40 9 7 7 8 7 7 7 7 7 7 7 7 7 7 7 7 6 6 6 7 6 6 6 6 7 7 7 8 8 7 6 5 6 6 6 9 
18 18 18 18 17 16 15 15 15 15 15 15 16 15 14 14 14 14 14 14 13 13 13 13 13 13 13 13 12 12 12 12 12 12 12 12 12 12 12 12 11 11 11 10 11 8 14 7 13 52 175 196 207 211 207 186 153 125 119 125 127 120 116 121 116 132 156 170 169 161 159 156 153 153 163 167 113 83 77 79 78 113 136 137 115 100 67 26 5 20 35 39 9 7 7 8 7 7 7 7 7 7 7 7 6 6 6 6 6 6 6 5 6 6 6 6 7 8 9 10 13 11 7 4 6 6 6 9 
18 18 18 18 17 16 15 15 15 15 15 15 16 15 14 14 14 14 14 14 13 13 13 13 13 13 13 13 12 12 12 12 12 12 12 12 12 12 12 12 11 11 12 12 10 15 64 123 201 253 252 252 254 253 252 238 231 211 179 158 142 127 118 117 116 109 110 131 146 155 160 158 151 151 149 146 158 103 79 71 70 72 93 109 110 100 104 75 23 17 35 32 9 7 7 8 7 7 7 7 7 7 7 7 8 8 8 8 8 7 6 5 6 6 6 6 6 7 9 11 15 14 10 4 6 6 6 9 
18 18 18 18 17 16 15 15 15 15 15 15 16 15 14 14 14 14 14 14 13 13 13 13 13 13 13 13 12 12 12 12 12 12 12 12 12 12 12 12 12 13 14 14 71 191 250 254 254 253 253 251 251 248 242 226 225 211 203 187 178 175 161 136 120 110 107 103 110 120 121 136 151 153 151 148 165 133 116 92 70 64 60 68 106 107 95 89 73 24 29 26 9 7 7 8 7 7 7 7 7 7 7 7 10 10 10 10 10 9 7 6 6 6 6 6 4 6 8 10 15 16 13 7 6 6 6 9 
19 18 17 17 16 16 16 16 16 16 16 16 15 15 15 15 14 14 14 14 14 14 14 14 13 13 13 13 13 13 13 13 12 12 12 12 11 11 12 12 11 39 129 206 246 254 254 254 255 254 252 246 245 232 225 220 214 200 190 178 176 163 167 151 142 125 106 97 97 101 99 101 101 117 143 155 155 151 113 119 101 79 62 58 68 141 94 93 83 58 23 20 8 8 8 8 8 8 8 8 7 8 9 11 13 13 13 13 13 13 10 7 6 6 6 6 7 6 6 8 14 21 15 10 7 7 6 9 
19 18 17 17 16 16 16 16 16 16 16 16 15 15 15 15 14 14 14 14 14 14 14 14 13 13 13 13 13 13 13 13 12 12 12 12 11 14 10 18 119 237 254 251 254 253 253 252 247 241 235 223 217 210 209 205 196 190 169 165 163 158 140 137 127 126 117 104 101 101 96 94 89 86 82 97 130 123 72 123 118 100 84 61 52 61 88 81 75 74 36 17 8 8 8 8 8 8 8 8 8 9 11 12 13 13 13 13 14 14 12 9 7 6 6 6 7 6 6 8 13 24 22 13 6 6 5 9 
19 18 17 17 16 16 16 16 16 16 16 16 15 15 15 15 14 14 14 14 14 14 14 14 13 13 13 13 13 13 13 13 12 12 12 12 13 21 96 204 249 254 252 252 253 253 247 239 231 222 215 200 202 197 196 188 180 160 153 150 138 121 133 174 197 193 187 183 182 177 160 138 127 107 95 83 72 93 100 104 124 109 99 82 60 49 67 92 75 73 58 20 8 8 8 8 8 8 8 8 9 11 12 13 14 14 14 14 14 15 14 11 8 8 6 6 7 6 6 8 12 23 28 19 10 7 4 9 
19 18 17 17 16 16 16 16 16 16 16 16 15 15 15 15 14 14 14 14 14 14 14 14 13 13 13 13 13 13 13 13 12 12 12 12 51 194 253 252 253 248 245 252 252 242 220 213 205 196 193 177 180 179 181 172 155 142 140 133 162 211 246 253 254 252 251 252 247 234 218 201 165 134 116 104 94 89 129 87 116 113 104 90 80 59 45 64 80 68 65 33 8 8 8 8 8 8 8 8 11 12 13 15 15 15 15 15 14 16 15 13 10 8 7 6 7 6 6 8 12 20 29 24 16 9 4 8 
18 18 18 18 16 16 16 16 16 16 16 16 15 15 15 15 14 14 14 14 14 14 14 14 13 13 13 13 13 13 13 13 13 12 12 68 221 254 254 253 236 162 171 198 223 212 232 204 179 168 171 162 164 173 169 156 159 190 196 224 246 247 249 250 251 255 253 253 252 251 244 240 209 170 143 117 101 95 119 84 98 116 108 98 85 76 54 42 62 79 66 40 10 10 5 9 9 8 8 10 13 13 14 15 14 14 15 16 15 15 15 15 13 9 7 7 6 6 6 7 8 14 26 27 20 13 6 10 
18 18 18 18 16 16 16 16 16 16 16 16 15 15 15 15 14 14 14 14 14 14 14 14 13 13 13 13 13 13 13 13 11 12 50 196 235 239 250 245 212 159 165 157 174 188 219 226 195 210 227 233 236 239 241 246 206 210 218 214 216 216 212 208 211 224 238 248 250 253 251 244 226 198 167 143 114 115 143 98 85 98 108 105 98 79 72 55 41 67 60 47 18 6 9 8 9 8 8 10 13 13 14 15 14 14 15 16 15 15 15 15 16 12 8 7 6 6 6 5 7 9 19 27 25 18 10 10 
18 18 18 18 16 16 16 16 16 16 16 16 15 15 15 15 14 14 14 14 14 14 14 14 13 13 13 13 13 13 13 13 17 14 173 224 216 216 215 211 185 158 176 153 174 177 189 235 250 242 232 223 220 221 218 205 177 185 227 204 190 217 229 226 228 226 222 216 211 207 215 221 202 170 164 155 132 134 152 100 77 89 93 101 97 89 76 66 51 39 58 46 28 5 10 8 9 8 8 10 13 13 14 15 14 14 15 16 16 16 16 16 16 15 12 9 8 7 6 5 6 7 12 21 26 23 15 11 
18 18 18 18 16 16 16 16 16 16 16 16 15 15 15 15 14 14 14 14 14 14 14 14 13 13 13 13 13 13 13 13 11 124 246 233 210 199 192 192 177 154 175 155 168 169 178 179 202 194 195 198 196 200 227 226 219 200 192 236 229 245 237 224 212 206 202 192 178 171 181 187 186 186 186 172 158 140 139 105 74 79 91 93 94 92 82 69 57 46 45 52 34 7 7 9 9 8 8 10 13 13 14 15 14 14 15 16 17 17 17 17 14 16 15 13 10 9 7 6 6 8 8 13 24 24 18 13 
18 18 18 18 16 16 16 16 16 16 16 16 15 15 15 15 15 15 15 15 14 14 14 14 13 13 13 13 14 12 14 12 65 245 250 233 214 190 185 182 171 154 176 159 155 171 169 170 179 180 186 197 223 250 243 212 185 192 187 251 216 253 254 252 255 245 227 216 202 187 167 186 196 198 197 184 170 155 139 101 71 81 85 90 92 93 85 71 62 53 42 44 35 11 11 14 17 21 21 17 13 13 14 14 14 14 15 16 17 17 17 17 16 16 16 16 13 12 9 7 7 6 7 10 20 26 25 17 
18 18 18 18 16 16 16 16 16 16 16 16 15 15 15 15 15 15 15 15 14 14 14 14 13 13 13 13 12 13 12 17 176 237 227 223 204 179 174 178 171 161 173 166 159 168 168 175 205 219 232 251 245 222 186 164 153 165 202 242 212 243 233 237 234 240 239 250 243 205 163 189 205 212 204 195 183 168 149 114 75 76 84 90 87 88 82 74 69 61 46 37 30 7 8 12 13 14 13 9 11 12 13 14 14 14 15 16 16 16 16 16 16 16 16 16 15 14 12 10 7 5 5 7 15 23 26 22 
18 18 18 18 16 16 16 16 16 16 16 16 15 15 15 15 15 15 15 15 14 14 14 14 13 13 13 13 14 11 11 66 196 207 196 186 181 162 165 181 173 179 185 175 155 170 167 190 194 202 213 203 191 179 163 149 124 138 210 228 224 220 202 214 220 233 239 253 254 213 166 187 206 217 209 204 199 172 161 128 80 76 84 82 82 81 77 73 69 67 57 43 21 8 12 10 9 9 7 5 8 10 12 13 14 14 15 16 15 15 15 15 16 16 16 16 16 15 13 12 9 6 5 5 9 18 24 25 
18 18 18 18 16 16 16 16 16 16 16 16 15 15 15 15 15 15 15 15 14 14 14 14 13 13 13 13 12 13 14 147 197 189 180 165 167 155 161 179 178 183 190 183 172 172 172 180 186 189 189 182 172 160 144 124 115 128 206 210 210 193 192 204 210 227 244 252 253 207 167 185 206 216 216 210 211 185 160 144 99 77 84 88 86 82 78 76 73 70 64 49 32 8 7 8 8 8 7 8 6 8 11 13 14 14 15 16 15 15 15 15 16 16 16 16 15 14 14 14 12 8 5 5 6 14 21 23 
18 18 18 18 17 17 17 17 16 16 16 16 15 15 15 15 15 15 15 15 14 14 14 14 14 14 14 14 15 11 26 146 166 169 165 163 167 155 153 184 178 184 189 191 176 174 174 171 168 167 162 157 154 145 132 125 112 136 201 209 213 205 205 211 209 243 253 253 253 181 165 187 203 215 222 221 225 198 164 151 133 78 83 88 92 91 87 81 78 81 72 56 44 12 10 7 8 8 8 8 8 8 9 10 13 13 14 14 15 15 15 15 14 14 15 16 16 15 14 14 13 11 8 6 6 9 14 24 
18 18 18 18 17 17 17 17 16 16 16 16 15 15 15 15 15 15 15 15 14 14 14 14 14 14 14 14 13 18 97 140 145 154 156 156 158 151 153 184 181 182 191 189 179 170 166 165 151 151 142 143 149 141 135 116 108 116 221 196 203 219 210 212 224 250 249 252 239 164 168 185 201 216 230 240 236 205 178 150 181 95 86 93 96 95 91 88 85 86 77 65 52 26 8 9 8 8 8 8 8 8 8 8 11 12 13 14 15 15 15 15 14 14 15 16 16 15 14 14 13 12 10 8 7 6 9 21 
18 18 18 18 17 17 17 17 16 16 16 16 15 15 15 15 15 15 15 15 14 14 14 14 14 14 14 14 12 32 142 144 147 152 151 151 155 153 157 186 183 183 190 186 181 168 161 159 157 142 138 160 157 172 162 167 171 178 210 210 207 211 217 227 240 239 244 254 205 155 169 185 204 223 231 238 234 216 193 165 191 98 84 91 93 91 89 89 91 89 81 73 58 40 9 9 8 8 8 8 8 8 7 7 8 10 12 13 15 15 15 15 14 14 15 16 16 15 14 14 14 13 12 11 9 5 6 16 
18 18 18 18 17 17 17 17 16 16 16 16 15 15 15 15 15 15 15 15 14 14 14 14 14 14 14 14 13 70 152 162 154 153 151 154 152 153 157 184 183 186 187 186 182 170 163 158 152 148 163 188 203 204 233 253 249 241 237 234 217 220 214 211 223 226 250 237 166 159 167 187 200 213 224 247 235 218 208 171 149 83 82 92 97 94 94 96 93 89 82 76 59 47 14 6 8 8 8 8 8 7 6 6 6 8 11 13 15 15 15 15 14 14 15 16 16 15 14 14 14 14 13 13 10 8 7 12 
18 18 18 18 17 17 17 17 16 16 16 16 15 15 15 15 15 15 15 15 14 14 14 14 15 12 13 13 14 76 142 150 149 149 152 147 146 150 154 188 189 195 183 179 180 168 166 156 151 146 213 215 189 179 136 184 245 251 251 244 221 232 225 209 214 223 246 195 159 160 166 186 205 218 227 243 228 209 201 171 133 83 87 92 97 96 100 96 94 83 83 74 58 48 24 8 9 7 7 7 7 9 8 6 7 7 9 12 15 16 16 15 15 15 15 15 17 17 17 17 15 15 15 15 11 8 7 8 
18 18 18 18 17 17 17 17 16 16 16 16 15 15 15 15 15 15 15 15 14 14 14 14 13 14 12 11 20 123 133 137 143 144 147 144 148 150 157 201 197 200 188 183 182 170 161 174 189 205 179 161 169 143 112 91 139 227 251 252 240 241 231 211 202 222 222 170 163 164 172 192 209 219 218 222 231 211 191 164 154 101 88 95 98 98 99 97 92 87 85 72 60 50 31 7 9 7 8 10 6 7 7 7 7 7 8 11 14 16 16 15 15 15 15 15 16 16 16 16 15 15 15 15 13 10 8 8 
18 18 18 18 17 17 17 17 16 16 16 16 15 15 15 15 15 15 15 15 14 14 14 14 12 14 12 16 79 123 128 148 149 148 156 138 142 150 155 197 194 196 191 188 181 167 157 171 166 151 151 123 140 125 94 102 145 196 253 251 254 249 231 213 191 194 210 161 165 165 173 193 205 208 205 215 212 208 190 159 171 122 88 95 100 99 97 97 93 91 85 72 64 55 38 15 10 11 10 8 8 7 7 8 8 6 7 9 12 15 16 15 15 15 15 15 15 15 15 15 15 15 15 15 14 13 10 7 
18 18 18 18 17 17 17 17 16 16 16 16 15 15 15 15 15 15 15 15 14 14 14 14 12 13 12 24 101 128 158 157 158 158 156 156 136 143 151 203 204 203 198 194 183 166 161 155 167 158 140 119 147 117 110 114 112 107 210 200 249 254 226 200 209 183 202 166 170 169 174 192 196 204 202 207 201 195 186 158 162 111 96 92 100 98 94 96 95 91 83 73 66 59 40 26 32 42 47 43 13 9 7 7 8 6 6 7 11 14 16 15 15 15 15 15 15 15 15 15 15 15 15 15 16 15 12 8 
20 19 18 18 17 17 17 17 16 16 16 16 16 16 16 16 15 15 15 15 14 14 14 14 14 14 14 14 89 182 200 180 159 160 162 164 164 145 136 191 204 204 200 196 184 171 159 149 161 155 133 121 142 162 164 161 161 178 194 151 192 243 218 193 217 211 213 190 162 170 172 182 193 201 206 215 193 193 166 155 155 120 92 96 98 96 96 99 97 91 81 74 70 57 36 16 20 22 32 64 97 67 19 9 9 7 6 6 9 13 16 16 15 15 15 15 13 14 14 15 14 14 14 14 17 16 14 11 
20 19 18 18 17 17 17 17 16 16 16 16 16 16 16 16 15 15 15 15 14 14 14 14 14 14 14 14 52 233 205 167 155 164 170 168 166 172 161 187 204 206 205 199 187 174 165 153 171 148 133 131 192 169 129 219 191 190 194 177 167 186 175 177 219 222 247 243 176 169 165 176 186 197 201 198 189 182 161 153 167 144 100 100 99 102 104 103 99 92 81 73 68 55 37 17 21 24 25 35 73 117 133 87 27 21 18 20 16 18 20 20 19 17 16 15 15 15 14 14 16 15 15 15 16 17 16 14 
20 19 18 18 17 17 17 17 16 16 16 16 16 16 16 16 15 15 15 15 14 14 14 14 14 14 14 14 27 180 178 168 163 163 167 173 184 187 194 195 207 207 204 200 190 185 184 166 176 148 142 130 126 120 157 222 210 174 191 184 173 156 153 135 180 175 231 252 202 154 169 175 174 185 194 192 184 174 161 152 157 149 100 100 102 104 103 97 99 92 82 75 65 51 38 17 22 28 33 31 51 67 90 58 40 45 47 43 39 38 38 39 35 34 33 32 26 24 22 20 18 17 16 15 17 18 17 16 
20 19 18 18 17 17 17 17 16 16 16 16 16 16 16 16 15 15 15 15 14 14 14 14 14 14 14 14 19 159 180 174 171 174 181 189 211 220 230 225 217 211 206 205 203 203 200 171 188 155 152 134 111 117 129 234 212 162 158 194 197 191 161 137 139 139 142 188 199 143 165 165 168 171 181 185 176 166 160 147 153 147 99 100 102 103 103 100 97 91 84 78 69 54 44 22 27 29 40 39 44 59 79 97 42 43 43 41 39 36 35 36 37 37 37 38 39 37 33 31 31 30 28 27 26 25 23 19 
20 19 18 18 18 17 16 16 16 16 16 16 16 16 16 16 15 15 15 15 14 14 14 14 14 14 14 14 15 167 196 186 191 200 216 232 248 247 239 238 230 210 208 212 209 226 203 194 200 157 161 136 112 117 99 185 157 142 143 208 233 199 170 157 142 136 139 160 163 133 150 162 159 166 165 176 174 163 153 141 153 153 107 101 103 104 107 104 98 95 88 81 76 58 75 40 22 32 34 40 50 66 89 101 45 42 41 38 37 35 35 37 32 33 34 35 35 34 33 32 34 34 35 35 33 34 33 31 
20 19 18 18 18 17 16 16 16 16 16 16 16 16 16 16 15 15 15 15 14 14 14 14 14 14 14 14 14 142 192 195 212 239 247 253 255 254 253 252 223 196 213 216 239 246 226 186 154 143 167 137 110 129 97 149 161 155 144 223 215 196 177 165 152 136 131 154 142 129 137 152 157 160 156 161 167 158 146 137 150 160 124 99 101 109 107 104 100 96 89 83 76 70 79 64 26 26 29 35 59 84 104 69 48 45 45 42 43 42 42 43 39 39 38 38 38 37 35 34 34 34 33 33 33 34 34 32 
20 19 18 18 18 17 16 16 16 16 16 16 16 16 16 16 15 15 15 15 14 14 14 14 14 14 14 14 13 70 184 204 234 251 255 252 251 252 254 254 226 183 211 236 254 255 205 152 150 146 169 157 124 143 113 143 155 158 155 220 211 188 168 157 140 141 134 169 135 132 131 146 152 156 156 158 161 154 141 133 147 160 141 104 102 109 107 105 102 97 89 85 78 80 74 71 39 26 30 36 59 97 88 46 33 31 32 29 29 28 28 29 28 30 33 36 38 38 38 38 38 38 39 39 40 39 37 32 
20 19 18 18 18 17 16 16 16 16 16 16 16 16 16 16 15 15 15 15 14 14 14 14 14 14 14 14 14 24 176 201 223 254 254 254 252 250 254 253 225 202 224 248 252 252 229 178 155 153 204 196 148 150 153 119 150 142 207 212 195 181 164 149 145 149 156 177 146 141 136 147 152 155 155 154 159 153 139 134 144 170 163 111 105 106 109 106 104 97 90 87 76 83 74 72 54 32 36 43 70 105 32 12 10 8 10 8 9 7 7 9 9 10 12 14 16 18 21 23 25 27 29 31 34 36 37 35 
20 19 18 18 18 17 16 16 16 16 16 16 16 16 16 16 15 15 15 15 15 15 15 15 14 14 14 14 13 14 123 187 192 227 235 239 249 254 253 255 221 227 220 246 253 251 223 227 212 178 235 245 206 135 170 178 173 201 210 208 204 183 157 157 156 157 154 152 162 138 143 150 155 158 157 153 150 145 136 124 141 183 182 109 106 106 110 108 106 96 90 84 82 85 73 71 62 36 38 52 85 59 5 10 8 8 8 8 8 8 8 8 8 8 9 10 12 13 14 15 14 14 15 16 18 16 19 28 
20 19 18 18 18 17 16 16 16 16 16 16 16 16 16 16 15 15 15 15 15 15 15 15 14 14 14 14 13 14 55 161 182 204 222 231 239 250 255 245 214 220 218 250 254 252 220 194 201 215 238 246 246 196 113 155 209 231 221 205 189 170 161 161 162 171 174 167 161 146 149 150 153 154 151 146 139 135 130 121 143 177 157 103 104 111 116 111 104 96 89 82 87 82 73 74 60 51 66 75 47 10 9 8 8 8 8 8 8 8 8 8 7 8 8 9 10 11 13 14 13 14 14 15 13 11 14 14 
20 19 18 18 18 17 16 16 16 16 16 16 16 16 16 16 15 15 15 15 15 15 15 15 14 14 14 14 16 13 20 127 183 202 221 227 237 249 252 227 229 233 247 253 254 249 218 191 160 167 214 218 229 217 188 153 198 221 212 202 187 182 168 189 211 203 180 160 157 161 163 157 156 155 150 143 134 130 126 120 141 182 149 98 103 114 116 112 102 96 89 80 91 81 76 74 68 39 23 14 6 9 10 7 8 8 8 8 8 8 8 8 6 7 8 8 7 9 10 11 12 13 14 14 13 13 13 15 
20 19 18 18 18 17 16 16 16 16 16 16 16 16 16 16 15 15 15 15 15 15 15 15 14 14 14 14 10 15 15 61 186 195 205 220 235 254 233 237 240 243 251 253 253 247 208 178 155 136 135 171 214 243 209 195 185 217 212 202 193 177 195 217 204 199 181 181 172 168 165 165 163 161 154 146 137 131 127 122 137 181 148 98 104 113 112 109 102 97 90 80 93 81 80 72 68 32 6 9 8 8 8 8 8 8 8 8 8 8 8 8 6 6 7 8 6 7 9 10 12 12 13 14 12 15 11 25 
19 19 19 19 18 18 18 18 17 17 17 17 16 16 16 16 15 15 15 15 14 14 14 14 14 14 14 14 14 12 15 20 157 196 207 214 242 240 228 233 240 251 252 254 253 238 209 179 158 137 131 126 129 179 198 187 195 226 209 190 192 189 230 217 216 204 203 194 188 174 164 158 161 156 154 146 137 134 131 129 132 171 119 99 109 113 112 106 101 98 87 70 90 86 82 75 71 36 7 7 8 8 8 8 8 8 8 8 8 8 8 8 7 7 7 7 7 7 7 7 9 10 12 13 14 13 13 18 
19 19 19 19 18 18 18 18 17 17 17 17 16 16 16 16 15 15 15 15 14 14 14 14 14 14 14 14 14 12 12 15 68 193 198 212 237 225 235 244 253 247 251 255 247 225 201 175 158 144 137 128 118 115 162 197 219 220 201 184 188 217 213 220 217 214 209 203 191 174 162 156 153 154 146 144 136 133 129 127 125 171 126 100 109 114 112 107 98 90 63 80 92 91 86 73 71 36 6 8 8 8 8 8 8 8 8 8 8 8 8 8 7 7 7 7 7 7 7 7 7 8 9 10 11 10 10 15 
19 19 19 19 18 18 18 18 17 17 17 17 16 16 16 16 15 15 15 15 14 14 14 14 14 14 14 14 14 12 12 13 18 141 195 203 212 226 240 247 246 247 255 252 233 208 196 175 161 145 137 134 126 121 107 138 166 164 163 161 202 206 209 206 202 198 191 184 172 161 155 151 147 147 139 136 131 131 130 129 121 164 113 104 112 114 110 103 94 66 42 100 92 94 88 74 66 26 8 8 8 8 8 8 8 8 8 8 8 8 8 8 7 7 7 7 7 7 7 7 7 7 8 8 8 7 7 13 
19 19 19 19 18 18 18 18 17 17 17 17 16 16 16 16 15 15 15 15 14 14 14 14 14 14 14 14 12 13 14 14 15 45 169 197 207 210 225 236 234 239 244 238 212 192 192 173 164 154 145 139 126 121 116 110 121 147 158 149 210 206 205 195 190 180 182 176 166 160 155 148 146 140 135 127 130 126 122 119 112 130 99 107 114 114 107 97 71 46 49 120 91 91 88 77 59 13 10 7 8 8 8 8 8 8 8 8 8 8 8 8 7 7 7 7 7 7 7 7 8 8 7 7 8 7 7 12 
19 19 19 19 19 18 17 17 17 17 17 17 16 16 16 16 16 16 16 16 15 15 15 15 14 14 14 14 14 14 14 14 12 15 84 188 197 203 221 224 236 239 227 211 194 182 182 172 170 167 156 143 135 125 121 114 113 115 122 187 200 197 186 176 168 167 166 165 161 157 149 143 140 133 125 121 120 116 111 107 101 118 106 111 115 107 104 81 49 45 69 145 94 87 86 77 46 10 8 9 8 8 8 8 8 8 8 8 8 8 8 8 7 7 7 7 7 7 7 7 7 7 7 7 6 9 8 9 
19 19 19 19 19 18 17 17 17 17 17 17 16 16 16 16 16 16 16 16 15 15 15 15 14 14 14 14 14 14 14 14 14 16 18 134 194 212 217 213 228 237 224 198 182 173 174 173 172 170 163 149 140 133 129 119 122 117 112 179 182 167 161 154 150 149 147 146 151 148 142 136 129 122 114 110 108 104 100 97 91 107 103 106 109 103 86 51 41 51 101 171 112 92 80 70 21 10 8 9 8 8 8 8 8 8 8 8 8 8 8 8 7 7 7 7 7 7 7 7 7 7 7 7 6 7 7 9 
19 19 19 19 19 18 17 17 17 17 17 17 16 16 16 16 16 16 16 16 15 15 15 15 14 14 14 14 14 14 14 14 15 13 13 41 187 210 204 213 227 228 229 202 169 174 175 172 173 171 170 154 143 137 133 122 121 118 124 176 152 140 141 141 139 137 134 132 128 127 122 117 116 109 103 100 100 97 94 91 85 88 109 109 104 89 54 42 45 53 135 187 110 95 90 47 7 9 7 9 8 8 8 8 8 8 8 8 8 8 8 8 7 7 7 7 7 7 7 7 7 7 7 7 6 8 9 16 
19 19 19 19 19 18 17 17 17 17 17 17 16 16 16 16 16 16 16 16 15 15 15 15 14 14 14 14 14 14 14 14 14 13 14 14 56 170 192 202 214 216 215 214 164 169 167 172 176 177 179 162 150 140 135 129 124 120 135 153 137 137 135 135 133 131 127 125 122 121 117 113 108 104 100 100 95 93 90 88 84 76 81 85 77 53 39 45 51 58 157 173 104 100 85 25 11 8 8 8 8 8 8 8 8 8 8 8 8 8 8 8 7 7 7 7 7 7 7 7 7 7 7 7 6 9 14 24 
20 19 18 18 19 18 17 17 17 17 17 17 16 16 16 16 15 15 15 15 15 15 15 15 14 14 14 14 14 14 14 14 14 14 14 14 14 42 149 188 196 207 213 222 159 172 180 184 190 187 187 163 159 148 139 137 133 126 139 150 139 132 129 127 124 124 122 119 121 117 112 108 105 102 99 97 94 90 87 85 85 92 93 85 76 52 40 49 55 74 170 161 103 96 55 8 9 9 9 9 8 8 8 8 8 8 7 7 8 7 6 6 8 8 8 8 7 7 7 7 8 8 9 10 12 16 22 27 
20 19 18 18 19 18 17 17 17 17 17 17 16 16 16 16 15 15 15 15 15 15 15 15 14 14 14 14 14 14 14 14 14 14 14 14 13 18 24 132 197 199 216 186 153 157 183 190 204 202 192 175 169 162 152 144 140 137 146 152 141 133 132 131 127 123 119 118 116 113 109 106 103 98 97 98 90 92 101 112 115 107 99 88 76 45 47 52 53 100 178 156 93 74 15 11 9 9 9 9 8 8 8 8 7 7 8 8 8 8 10 11 13 13 13 13 11 11 11 12 13 14 17 19 23 26 28 29 
20 19 18 18 19 18 17 17 17 17 17 17 16 16 16 16 15 15 15 15 15 15 15 15 14 14 14 14 14 14 14 14 14 14 14 14 14 9 14 23 114 203 190 166 163 158 171 201 204 197 200 190 187 173 160 158 152 151 154 157 142 134 130 128 125 122 119 119 118 113 105 100 99 105 113 120 131 131 125 118 110 106 102 87 62 41 51 54 59 124 174 156 92 36 8 8 9 9 9 9 8 8 8 8 7 8 9 10 10 11 13 15 16 16 16 16 14 15 16 17 19 21 23 25 23 29 32 33 
20 19 18 18 19 18 17 17 17 17 17 17 16 16 16 16 15 15 15 15 15 15 15 15 14 14 14 14 14 14 14 14 14 14 14 14 14 15 15 15 17 56 187 180 161 164 160 159 187 206 212 205 200 188 175 168 162 159 157 163 155 145 138 134 129 125 118 111 111 119 129 137 144 145 142 136 132 129 122 116 112 104 98 79 47 51 56 59 66 147 177 159 116 12 13 7 9 9 9 9 8 8 8 8 9 10 12 13 13 14 15 16 14 14 14 14 15 16 18 19 23 24 25 25 29 33 34 30 
20 20 20 20 18 18 18 18 17 17 17 17 16 16 16 16 16 16 16 16 15 15 15 15 15 15 15 15 14 14 14 14 14 14 14 14 14 14 14 14 17 13 28 164 171 169 171 166 169 177 212 217 207 201 197 190 172 172 174 173 170 166 159 155 155 156 164 175 178 170 155 150 149 142 139 135 133 128 125 117 112 108 90 56 52 57 60 65 74 165 179 167 146 42 9 9 9 8 7 7 9 10 11 12 12 12 12 12 12 12 13 14 14 14 14 14 16 16 19 24 24 26 29 31 33 32 33 28 
20 20 20 20 18 18 18 18 17 17 17 17 16 16 16 16 16 16 16 16 15 15 15 15 15 15 15 15 14 14 14 14 14 14 14 14 14 14 14 14 10 15 13 81 173 170 195 195 217 205 195 228 215 209 206 208 194 191 191 188 201 216 215 228 231 236 226 203 171 159 153 150 149 142 138 134 127 123 123 119 106 83 52 52 59 64 67 72 85 187 183 166 153 110 10 10 9 9 10 11 14 14 13 12 11 11 11 11 12 12 13 14 14 14 14 14 16 17 20 23 23 26 30 32 32 33 27 27 
20 20 20 20 18 18 18 18 17 17 17 17 16 16 16 16 16 16 16 16 15 15 15 15 15 15 15 15 14 14 14 14 14 14 14 14 14 14 14 14 15 12 12 23 167 191 235 235 245 252 231 241 232 224 228 226 225 222 218 235 241 239 234 227 213 188 169 158 164 151 148 148 147 139 134 130 124 117 106 87 61 47 48 59 65 70 73 78 100 187 189 164 152 141 21 6 11 11 12 13 12 11 11 10 11 11 11 11 12 12 13 14 15 15 15 15 16 19 22 24 24 26 29 31 28 29 25 27 
20 20 20 20 18 18 18 18 17 17 17 17 16 16 16 16 16 16 16 16 15 15 15 15 15 15 15 15 14 14 14 14 14 14 14 14 14 14 14 14 14 11 14 16 86 197 244 253 252 252 250 245 249 250 253 216 196 194 187 166 144 139 132 120 122 127 138 134 136 138 130 123 126 117 112 107 96 80 66 51 48 50 59 69 72 77 80 85 116 190 192 179 166 153 38 13 14 14 13 13 11 11 12 13 12 12 12 12 12 12 13 14 16 16 16 16 16 20 23 24 27 27 28 28 25 22 27 29 
20 20 20 20 20 19 18 18 18 18 18 18 17 17 17 17 16 16 16 16 15 15 15 15 15 15 15 15 14 14 14 14 14 14 14 14 14 14 14 14 13 13 13 13 23 171 240 248 252 245 242 253 251 252 245 186 117 75 33 17 14 14 14 14 14 15 14 19 24 29 38 61 78 83 80 78 74 71 63 56 54 55 67 75 77 84 90 107 140 181 206 185 164 146 64 16 13 12 11 11 11 11 11 11 12 12 12 12 13 14 15 15 12 13 15 16 19 22 22 26 26 28 28 27 23 25 30 26 
20 20 20 20 20 19 18 18 18 18 18 18 17 17 17 17 16 16 16 16 15 15 15 15 15 15 15 15 14 14 14 14 14 14 14 14 14 14 14 14 13 13 13 13 8 68 212 253 251 242 252 251 252 228 98 27 25 16 11 13 13 13 13 13 10 13 11 10 9 40 71 84 83 85 83 80 78 74 67 62 61 66 76 82 89 97 111 131 152 179 200 189 165 136 96 15 12 12 12 11 11 11 11 11 12 12 12 12 12 13 13 14 14 15 17 18 19 21 22 25 26 28 27 25 24 29 30 22 
20 20 20 20 20 19 18 18 18 18 18 18 17 17 17 17 16 16 16 16 15 15 15 15 15 15 15 15 14 14 14 14 14 14 14 14 14 14 14 14 13 13 13 13 16 12 67 198 249 99 91 181 131 41 12 13 15 14 12 12 12 12 12 12 13 11 13 12 33 75 88 87 89 87 86 83 81 76 70 67 67 76 87 95 104 121 136 141 160 188 186 188 171 169 110 14 11 12 12 12 12 12 12 12 12 12 12 12 12 13 13 14 15 16 17 19 19 22 23 26 27 27 24 21 26 30 25 17 
20 20 20 20 20 19 18 18 18 18 18 18 17 17 17 17 16 16 16 16 15 15 15 15 15 15 15 15 14 14 14 14 14 14 14 14 14 14 14 14 13 13 13 13 13 13 16 18 54 17 13 16 14 10 15 12 13 12 12 13 12 12 12 12 10 12 11 62 84 95 100 101 98 94 94 90 88 82 77 75 82 92 104 120 129 139 147 147 167 192 183 179 176 189 62 12 11 11 12 13 13 13 13 13 12 12 12 12 13 14 15 15 14 15 17 18 21 24 24 27 28 26 23 19 28 28 19 13 
21 20 19 19 20 19 18 18 18 18 18 18 17 17 17 17 16 16 16 16 15 15 15 15 15 15 15 15 14 14 14 14 14 14 14 14 14 14 14 14 13 13 13 13 13 13 13 13 13 13 13 13 13 13 13 13 12 12 12 12 12 12 12 12 12 11 19 95 104 105 104 106 103 103 100 96 93 89 90 93 102 115 127 137 148 154 154 150 163 187 194 183 187 191 32 12 13 13 13 13 14 13 12 12 11 11 12 13 15 15 15 15 13 15 18 20 23 26 28 28 29 22 16 22 27 22 16 13 
21 20 19 19 20 19 18 18 18 18 18 18 17 17 17 17 16 16 16 16 15 15 15 15 15 15 15 15 14 14 14 14 14 14 14 14 14 14 14 14 13 13 13 13 13 13 13 13 13 13 13 13 13 13 13 13 12 12 12 12 12 12 12 12 12 10 9 70 109 115 114 112 112 111 107 104 100 103 108 116 126 137 148 157 167 162 164 154 131 166 178 171 164 127 14 13 13 13 13 13 13 13 13 12 13 13 14 14 14 14 14 14 14 16 19 22 26 28 29 28 22 19 20 28 28 18 11 12 
21 20 19 19 20 19 18 18 18 18 18 18 17 17 17 17 16 16 16 16 15 15 15 15 15 15 15 15 14 14 14 14 14 14 14 14 14 14 14 14 13 13 13 13 13 13 13 13 13 13 13 13 13 13 13 13 12 12 12 12 12 12 12 12 10 9 16 73 116 122 120 119 120 118 117 116 120 127 132 140 146 156 164 170 173 173 166 152 121 73 149 147 137 84 16 11 13 13 13 13 12 13 13 13 14 14 13 13 13 13 13 13 16 18 21 23 26 27 26 24 17 20 27 31 24 13 8 12 
21 20 19 19 20 19 18 18 18 18 18 18 17 17 17 17 16 16 16 16 15 15 15 15 15 15 15 15 14 14 14 14 14 14 14 14 14 14 14 14 13 13 13 13 13 13 13 13 13 13 13 13 13 13 13 13 12 12 12 12 12 12 12 12 10 12 13 45 132 134 133 135 135 133 135 138 141 148 147 153 163 172 178 183 189 190 167 171 116 18 37 72 69 34 10 14 13 13 13 13 12 12 13 14 13 12 11 11 13 13 13 13 17 19 22 24 24 24 22 19 18 25 33 28 17 10 8 12 
21 21 21 21 21 20 19 19 19 19 19 19 18 17 16 16 17 17 17 17 16 16 16 16 15 15 15 15 15 15 15 15 14 14 14 14 14 14 14 14 13 13 13 13 13 13 13 13 13 13 13 13 13 13 13 13 12 12 12 12 12 12 12 12 12 12 12 12 66 130 142 145 155 153 158 158 156 159 163 170 171 179 184 205 212 203 182 114 32 14 16 15 16 15 13 12 13 13 13 13 14 14 13 12 13 13 13 13 12 13 15 16 17 20 22 22 20 18 16 16 17 27 29 21 10 8 7 12 
21 21 21 21 21 20 19 19 19 19 19 19 18 17 16 16 17 17 17 17 16 16 16 16 15 15 15 15 15 15 15 15 14 14 14 14 14 14 14 14 13 13 13 13 13 13 13 13 13 13 13 13 13 13 13 13 12 12 12 12 12 12 12 12 12 12 12 12 5 66 148 160 161 158 157 160 162 168 179 183 195 206 225 226 227 206 146 27 13 14 15 14 14 14 12 12 14 14 14 14 13 12 12 11 13 13 13 13 13 14 16 17 19 20 19 17 15 13 11 12 14 20 20 13 9 8 7 12 
21 21 21 21 21 20 19 19 19 19 19 19 18 17 16 16 17 17 17 17 16 16 16 16 15 15 15 15 15 15 15 15 14 14 14 14 14 14 14 14 13 13 13 13 13 13 13 13 13 13 13 13 13 13 13 13 12 12 12 12 12 12 12 12 12 12 12 12 12 11 18 22 64 135 158 176 189 200 216 229 238 241 241 233 182 92 24 14 16 16 13 15 14 13 13 12 14 14 14 14 13 12 12 11 13 13 13 13 13 14 16 17 18 18 15 12 10 8 7 9 10 13 11 7 7 6 7 13 
21 21 21 21 21 20 19 19 19 19 19 19 18 17 16 16 17 17 17 17 16 16 16 16 15 15 15 15 15 15 15 15 14 14 14 14 14 14 14 14 13 13 13 13 13 13 13 13 13 13 13 13 13 13 13 13 12 12 12 12 12 12 12 12 12 12 12 12 12 10 12 13 15 11 72 153 221 240 239 241 241 206 140 127 29 14 18 15 15 15 16 12 14 14 14 14 13 13 13 13 14 14 13 12 13 13 13 13 12 13 15 16 14 14 12 9 9 7 7 9 8 8 8 7 6 6 7 13 
22 21 20 20 20 20 20 20 19 19 19 19 19 18 17 17 17 17 17 17 16 16 16 16 16 16 16 16 15 15 15 15 14 14 14 14 14 14 14 14 13 13 13 13 13 13 13 13 13 13 13 13 13 13 13 13 12 12 12 12 12 12 12 12 12 12 12 12 12 12 12 12 12 12 12 12 101 147 60 96 97 34 23 18 16 16 16 16 15 15 15 15 16 15 14 14 14 14 14 14 15 14 13 13 14 14 14 14 14 13 12 12 12 11 9 8 8 8 8 8 8 8 8 8 8 8 8 11 
22 21 20 20 20 20 20 20 19 19 19 19 19 18 17 17 17 17 17 17 16 16 16 16 16 16 16 16 15 15 15 15 14 14 14 14 14 14 14 14 13 13 13 13 13 13 13 13 13 13 13 13 13 13 13 13 12 12 12 12 12 12 12 12 12 12 12 12 12 12 12 12 12 12 12 12 22 42 31 10 14 22 19 18 16 16 16 16 16 16 16 16 16 15 14 14 14 14 14 14 15 15 14 13 13 13 13 13 12 12 11 10 10 9 8 7 8 8 8 8 8 8 8 8 8 8 8 11 
22 21 20 20 20 20 20 20 19 19 19 19 19 18 17 17 17 17 17 17 16 16 16 16 16 16 16 16 15 15 15 15 14 14 14 14 14 14 14 14 13 13 13 13 13 13 13 13 13 13 13 13 13 13 13 13 12 12 12 12 12 12 12 12 12 12 12 12 12 12 12 12 12 12 12 12 20 53 14 14 14 22 18 12 16 16 16 16 16 16 16 16 16 15 14 14 15 15 15 15 16 15 15 14 12 12 12 12 11 10 9 9 8 8 8 7 8 8 8 8 8 8 8 8 8 8 8 11 
22 21 20 20 20 20 20 20 19 19 19 19 19 18 17 17 17 17 17 17 16 16 16 16 16 16 16 16 15 15 15 15 14 14 14 14 14 14 14 14 13 13 13 13 13 13 13 13 13 13 13 13 13 13 13 13 12 12 12 12 12 12 12 12 12 12 12 12 12 12 12 12 12 12 12 12 31 34 13 10 19 19 13 16 16 16 16 16 15 15 15 15 16 15 14 14 16 16 16 16 17 16 15 15 12 12 12 12 10 9 8 8 8 8 8 9 8 8 8 8 8 8 8 8 8 8 8 11 
23 22 21 21 21 20 19 19 19 19 19 19 18 18 18 18 17 17 17 17 17 17 17 17 16 16 16 16 15 15 15 15 15 15 15 15 14 14 14 14 14 14 14 14 14 14 14 14 13 13 13 13 13 13 13 13 13 13 13 13 12 12 12 12 12 12 12 12 12 12 12 12 10 11 10 21 29 22 10 17 19 15 14 17 17 16 15 15 16 16 16 16 15 15 16 17 16 16 16 16 17 15 14 13 10 10 10 10 9 9 9 9 9 9 9 9 8 8 8 8 8 8 8 8 8 8 8 11 
23 22 21 21 21 20 19 19 19 19 19 19 18 18 18 18 17 17 17 17 17 17 17 17 16 16 16 16 15 15 15 15 15 15 15 15 14 14 14 14 14 14 14 14 14 14 14 14 13 13 13 13 13 13 13 13 13 13 13 13 12 12 12 12 12 12 12 12 12 12 12 12 10 10 20 27 25 14 14 20 19 16 16 17 17 16 15 15 15 15 15 15 14 15 15 16 16 15 15 14 15 14 13 11 9 9 9 9 9 9 9 9 9 9 9 9 8 8 8 8 8 8 8 8 8 8 8 11 
23 22 21 21 21 20 19 19 19 19 19 19 18 18 18 18 17 17 17 17 17 17 17 17 16 16 16 16 15 15 15 15 15 15 15 15 14 14 14 14 14 14 14 14 14 14 14 14 13 13 13 13 13 13 13 13 13 13 13 13 12 12 12 12 12 12 12 12 12 12 12 12 11 15 28 26 18 12 17 20 19 17 17 17 17 16 15 15 14 14 14 14 13 14 15 15 16 15 14 13 14 13 11 10 8 8 8 8 9 9 9 9 9 9 9 9 8 8 8 8 8 8 8 8 8 8 8 11 
23 22 21 21 21 20 19 19 19 19 19 19 18 18 18 18 17 17 17 17 17 17 17 17 16 16 16 16 15 15 15 15 15 15 15 15 14 14 14 14 14 14 14 14 14 14 14 14 13 13 13 13 13 13 13 13 13 13 13 13 12 12 12 12 12 12 12 12 12 12 12 12 11 24 30 19 12 15 18 18 17 17 16 15 17 16 15 15 14 14 14 14 13 13 14 15 16 14 13 11 13 11 10 9 8 8 8 8 9 9 9 9 9 9 9 9 8 8 8 8 8 8 8 8 8 8 8 11 
22 22 22 22 21 20 19 19 19 19 19 19 18 18 18 18 18 18 18 18 17 17 17 17 17 17 17 17 16 16 16 16 15 15 15 15 14 14 14 14 14 14 14 14 14 14 14 14 13 13 13 13 13 13 13 13 13 13 13 13 13 13 13 13 12 12 12 12 12 12 12 12 13 36 28 11 12 12 12 12 12 12 12 12 13 13 13 13 12 13 14 16 14 13 13 12 13 13 12 11 9 9 9 9 9 9 9 9 9 9 9 9 9 9 9 9 8 8 8 8 8 8 8 8 8 8 8 11 
22 22 22 22 21 20 19 19 19 19 19 19 18 18 18 18 18 18 18 18 17 17 17 17 17 17 17 17 16 16 16 16 15 15 15 15 14 14 14 14 14 14 14 14 14 14 14 14 13 13 13 13 13 13 13 13 13 13 13 13 13 13 13 13 12 12 12 12 12 12 12 12 13 33 14 13 12 12 12 12 10 10 10 10 11 11 11 11 11 12 13 14 12 11 10 10 11 11 10 10 9 9 9 9 9 9 9 9 9 9 9 9 9 9 9 9 8 8 8 8 8 8 8 8 8 8 8 11 
22 22 22 22 21 20 19 19 19 19 19 19 18 18 18 18 18 18 18 18 17 17 17 17 17 17 17 17 16 16 16 16 15 15 15 15 14 14 14 14 14 14 14 14 14 14 14 14 13 13 13 13 13 13 13 13 13 13 13 13 13 13 13 13 12 12 12 12 12 12 12 12 14 19 12 12 12 12 12 12 10 10 10 10 11 11 11 11 11 11 11 11 10 10 9 8 9 10 10 10 9 9 9 9 9 9 9 9 9 9 9 9 9 9 9 9 8 8 8 8 8 8 8 8 8 8 8 11 
22 22 22 22 21 20 19 19 19 19 19 19 18 18 18 18 18 18 18 18 17 17 17 17 17 17 17 17 16 16 16 16 15 15 15 15 14 14 14 14 14 14 14 14 14 14 14 14 13 13 13 13 13 13 13 13 13 13 13 13 13 13 13 13 12 12 12 12 12 12 12 12 12 14 10 14 12 12 12 12 10 10 10 10 11 11 11 11 10 10 10 10 10 10 9 9 9 10 11 11 9 9 9 9 9 9 9 9 9 9 9 9 9 9 9 9 8 8 8 8 8 8 8 8 8 8 8 11 
21 21 21 21 20 20 20 20 21 20 19 19 18 18 18 18 18 18 18 18 17 17 17 17 16 16 16 16 16 16 16 16 15 15 15 15 15 15 15 15 14 14 14 14 14 14 14 14 14 14 14 14 13 13 13 13 13 13 13 13 13 13 13 13 12 12 12 12 12 12 12 12 12 12 12 12 12 12 12 12 11 11 11 11 11 11 11 11 10 10 10 10 10 10 10 10 10 10 10 10 10 10 10 10 9 9 9 9 9 9 9 9 9 9 9 9 8 8 8 8 8 8 8 8 9 8 8 11 
21 21 21 21 20 20 20 20 21 20 19 19 18 18 18 18 18 18 18 18 17 17 17 17 16 16 16 16 16 16 16 16 15 15 15 15 15 15 15 15 14 14 14 14 14 14 14 14 14 14 14 14 13 13 13 13 13 13 13 13 13 13 13 13 12 12 12 12 12 12 12 12 12 12 12 12 12 12 12 12 11 11 11 11 11 11 11 11 10 10 10 10 10 10 10 10 10 10 10 10 10 10 10 10 9 9 9 9 9 9 9 9 9 9 9 9 8 8 8 8 8 8 8 8 9 8 8 11 
21 21 21 21 20 20 20 20 21 20 19 19 18 18 18 18 18 18 18 18 17 17 17 17 16 16 16 16 16 16 16 16 15 15 15 15 15 15 15 15 14 14 14 14 14 14 14 14 14 14 14 14 13 13 13 13 13 13 13 13 13 13 13 13 12 12 12 12 12 12 12 12 12 12 12 12 12 12 12 12 11 11 11 11 11 11 11 11 10 10 10 10 10 10 10 10 10 10 10 10 10 10 10 10 9 9 9 9 9 9 9 9 9 9 9 9 8 8 8 8 8 8 8 8 9 8 8 11 
21 21 21 21 20 20 20 20 21 20 19 19 18 18 18 18 18 18 18 18 17 17 17 17 16 16 16 16 16 16 16 16 15 15 15 15 15 15 15 15 14 14 14 14 14 14 14 14 14 14 14 14 13 13 13 13 13 13 13 13 13 13 13 13 12 12 12 12 12 12 12 12 12 12 12 12 12 12 12 12 11 11 11 11 11 11 11 11 10 10 10 10 10 10 10 10 10 10 10 10 10 10 10 10 9 9 9 9 9 9 9 9 9 9 9 9 8 8 8 8 8 8 8 8 9 8 8 11 
23 22 21 21 22 21 20 20 20 20 20 20 18 18 18 18 19 19 19 19 18 18 18 18 17 17 17 17 16 16 16 16 16 16 16 16 15 15 15 15 15 15 15 15 14 14 14 14 14 14 14 14 14 14 14 14 13 13 13 13 13 13 13 13 13 13 13 13 12 12 12 12 12 12 12 12 12 12 12 12 12 12 12 12 11 11 11 11 11 11 11 11 11 11 11 11 10 10 10 10 10 10 10 10 9 9 9 9 9 9 9 9 9 9 9 9 9 9 9 9 9 9 9 9 9 8 8 11 
23 22 21 21 22 21 20 20 20 20 20 20 18 18 18 18 19 19 19 19 18 18 18 18 17 17 17 17 16 16 16 16 16 16 16 16 15 15 15 15 15 15 15 15 14 14 14 14 14 14 14 14 14 14 14 14 13 13 13 13 13 13 13 13 13 13 13 13 12 12 12 12 12 12 12 12 12 12 12 12 12 12 12 12 11 11 11 11 11 11 11 11 11 11 11 11 10 10 10 10 10 10 10 10 9 9 9 9 9 9 9 9 9 9 9 9 9 9 9 9 9 9 9 9 9 8 8 11 
23 22 21 21 22 21 20 20 20 20 20 20 19 19 19 19 19 19 19 19 18 18 18 18 17 17 17 17 16 16 16 16 16 16 16 16 15 15 15 15 15 15 15 15 14 14 14 14 14 14 14 14 14 14 14 14 13 13 13 13 13 13 13 13 13 13 13 13 12 12 12 12 12 12 12 12 12 12 12 12 12 12 12 12 11 11 11 11 11 11 11 11 11 11 11 11 10 10 10 10 10 10 10 10 9 9 9 9 9 9 9 9 9 9 9 9 9 9 9 9 9 9 9 9 9 8 8 11 
23 22 21 21 22 21 20 20 20 20 20 20 20 20 20 20 19 19 19 19 18 18 18 18 17 17 17 17 16 16 16 16 16 16 16 16 15 15 15 15 15 15 15 15 14 14 14 14 14 14 14 14 14 14 14 14 13 13 13 13 13 13 13 13 13 13 13 13 12 12 12 12 12 12 12 12 12 12 12 12 12 12 12 12 11 11 11 11 11 11 11 11 11 11 11 11 10 10 10 10 10 10 10 10 9 9 9 9 9 9 9 9 9 9 9 9 9 9 9 9 9 9 9 9 9 8 8 11 
23 22 21 21 21 21 21 21 21 20 19 19 20 20 20 20 19 19 19 19 18 18 18 18 18 18 18 18 17 17 17 17 16 16 16 16 15 15 15 15 15 15 15 15 14 14 14 14 14 14 14 14 14 14 14 14 14 14 14 14 13 13 13 13 13 13 13 13 13 13 13 13 13 13 13 13 12 12 12 12 12 12 12 12 12 12 12 12 11 11 11 11 11 11 11 11 10 10 10 10 10 10 10 10 10 10 10 10 9 9 9 9 9 9 9 9 9 9 9 9 8 8 8 8 9 8 8 11 
23 22 21 21 21 21 21 21 21 20 19 19 20 20 20 20 19 19 19 19 18 18 18 18 18 18 18 18 17 17 17 17 16 16 16 16 15 15 15 15 15 15 15 15 14 14 14 14 14 14 14 14 14 14 14 14 14 14 14 14 13 13 13 13 13 13 13 13 13 13 13 13 13 13 13 13 12 12 12 12 12 12 12 12 12 12 12 12 11 11 11 11 11 11 11 11 10 10 10 10 10 10 10 10 10 10 10 10 9 9 9 9 9 9 9 9 9 9 9 9 7 7 7 7 9 8 8 11 
23 22 21 21 21 21 21 21 21 20 19 19 20 20 20 20 19 19 19 19 18 18 18 18 18 18 18 18 17 17 17 17 16 16 16 16 15 15 15 15 15 15 15 15 14 14 14 14 14 14 14 14 14 14 14 14 14 14 14 14 13 13 13 13 13 13 13 13 13 13 13 13 13 13 13 13 12 12 12 12 12 12 12 12 12 12 12 12 11 11 11 11 11 11 11 11 10 10 10 10 10 10 10 10 10 10 10 10 9 9 9 9 9 9 9 9 9 9 9 9 7 7 7 7 9 8 8 11 
23 22 21 21 21 21 21 21 21 20 19 19 20 20 20 20 19 19 19 19 18 18 18 18 18 18 18 18 17 17 17 17 16 16 16 16 15 15 15 15 15 15 15 15 14 14 14 14 14 14 14 14 14 14 14 14 14 14 14 14 13 13 13 13 13 13 13 13 13 13 13 13 13 13 13 13 12 12 12 12 12 12 12 12 12 12 12 12 11 11 11 11 11 11 11 11 10 10 10 10 10 10 10 10 10 10 10 10 9 9 9 9 9 9 9 9 9 9 9 9 8 8 8 8 9 8 8 11 
22 22 22 22 21 21 21 21 21 21 21 21 20 20 20 20 20 20 20 20 18 17 16 16 18 18 18 18 17 17 17 17 16 16 16 16 16 16 16 16 15 15 15 15 15 15 15 15 14 14 14 14 14 14 14 14 14 14 14 14 13 13 13 13 13 13 13 13 13 13 13 13 13 13 13 13 12 12 12 12 12 12 12 12 12 12 12 12 11 11 11 11 11 11 11 11 10 10 10 10 10 10 10 10 10 10 10 10 10 10 10 10 9 9 9 9 9 9 9 9 9 9 9 9 9 8 8 14 
22 22 22 22 21 21 21 21 21 21 21 21 20 20 20 20 20 20 20 20 18 18 17 16 18 18 18 18 17 17 17 17 16 16 16 16 16 16 16 16 15 15 15 15 15 15 15 15 14 14 14 14 14 14 14 14 14 14 14 14 13 13 13 13 13 13 13 13 13 13 13 13 13 13 13 13 12 12 12 12 12 12 12 12 12 12 12 12 11 11 11 11 11 11 11 11 10 10 10 10 10 10 10 10 10 10 10 10 10 10 10 10 9 9 9 9 9 9 9 9 9 9 9 9 9 8 8 14 
22 22 22 22 21 21 21 21 21 21 21 21 20 20 20 20 20 20 20 20 19 18 18 17 18 18 18 18 17 17 17 17 16 16 16 16 16 16 16 16 15 15 15 15 15 15 15 15 14 14 14 14 14 14 14 14 14 14 14 14 13 13 13 13 13 13 13 13 13 13 13 13 13 13 13 13 12 12 12 12 12 12 12 12 12 12 12 12 11 11 11 11 11 11 11 11 10 10 10 10 10 10 10 10 10 10 10 10 10 10 10 10 9 9 9 9 9 9 9 9 9 9 9 9 9 8 8 14 
22 22 22 22 21 21 21 21 21 21 21 21 20 20 20 20 20 20 20 20 20 19 18 18 18 18 18 18 17 17 17 17 16 16 16 16 16 16 16 16 15 15 15 15 15 15 15 15 14 14 14 14 14 14 14 14 14 14 14 14 13 13 13 13 13 13 13 13 13 13 13 13 13 13 13 13 12 12 12 12 12 12 12 12 12 12 12 12 11 11 11 11 11 11 11 11 10 10 10 10 10 10 10 10 10 10 10 10 10 10 10 10 9 9 9 9 9 9 9 9 9 9 9 9 9 8 8 14 
